0
1.3809
1.53654
1.11912
1.6075
1.02319
1.73711
1.62367
1.38781
1.31496
1.42523
1.24304
1.45888
1.92024
1.6815
1.45299
2.16442
1.7787
1.40781
2.18336
1.45918
1.42771
2.17916
1.35786
1.96963
1.16601
2.11943
1.39504
1.90055
1.64352
1.85894
1.95153
1.68597
1.64731
2.32909
2.05336
1.5494
1.50225
1.08776
1.48367
1.2002
1.45797
1.35572
1.55838
1.57106
2.04114
1.71323
1.63308
1.3823
1.00654
2.03563
2.02863
1.97679
1.25772
1.81807
1.6348
0.530317
1.20883
2.13947
1.95797
1.8446
1.24911
1.28032
1.41392
1.94212
1.44311
1.60817
1.41889
1.40497
1.28287
1.42637
1.22152
1.60978
1.25487
1.3777
1.8436
1.49902
1.99139
1.44855
1.98291
1.60805
1.76243
1.59561
1.52325
1.83014
2.17039
1.12656
1.78858
1.73845
1.62841
2.59544
1.63345
1.81093
1.62733
1.49594
1.64456
1.69941
1.95569
1.71413
1.68408
1.65844
1.62728
1.58929
1.84718
1.96793
1.6923
2.11208
0.752508
1.7287
1.68363
1.81489
1.41244
1.79769e+308
2.25682
1.33615
2.4355
1.97434
1.77386
1.3456
1.4994
1.92827
1.79065
1.6395
1.72211
1.55792
1.68418
1.95254
1.39162
1.6433
1.80218
1.32318
1.45183
1.84398
1.70475
1.67486
1.01983
1.85579
1.51467
1.8159
1.22849
0.968751
1.04315
1.0823
1.58592
1.68714
1.47571
1.19479
1.78862
1.51871
1.26312
1.3846
1.78326
1.44607
1.85257
1.40073
1.55771
1.43233
2.52246
1.68926
1.93599
1.36843
2.37783
2.08805
1.56754
1.70189
1.95504
2.11747
1.43542
1.79162
1.43404
2.26301
1.2123
1.21843
1.79769e+308
1.46529
1.29948
1.642
2.00304
0.952289
1.56691
1.89048
1.38511
1.48735
1.33931
1.98075
1.09627
1.34229
2.17681
1.71473
2.03212
1.74665
1.8085
1.55111
1.40172
1.53277
1.67333
1.79769e+308
1.90903
1.70173
1.65531
1.64528
2.00261
1.90377
1.68475
1.88475
1.88664
1.74861
0.97784
1.58522
1.60309
0.878748
2.37049
1.87704
1.72404
1.66912
1.04982
1.27975
1.36862
1.77988
1.54674
1.83386
1.61799
1.87765
1.42381
1.59061
1.12916
1.88335
1.97502
1.45725
2.03576
1.7905
1.44478
1.53352
1.6457
1.77729
1.60071
1.37474
0.981097
1.91956
1.61476
1.74658
1.88414
1.77932
1.61434
1.67597
1.99963
1.67673
1.57484
1.54948
2.04237
1.98655
2.63899
1.42088
1.46801
1.66553
2.42472
1.55189
1.28807
1.35918
1.08539
1.34879
1.63196
0.838924
1.51845
1.47765
2.28201
1.1711
1.57953
1.71982
1.49091
1.75317
2.00187
1.60948
1.83286
1.46249
1.41206
1.65745
0.942067
0.963696
1.79733
1.76262
1.87417
1.90228
2.0981
2.05781
1.86211
1.39549
1.33439
2.06809
1.94365
1.25316
1.47191
1.59853
1.98516
1.33901
1.48098
1.4385
1.62806
2.2023
1.67867
1.62272
1.91132
1.63001
1.32728
2.21911
1.40253
2.11913
1.76904
1.45066
2.02263
1.47957
1.5357
2.15335
1.79568
2.04777
2.2404
2.03492
1.68375
1.56785
1.43926
1.51606
1.35329
2.16618
1.51348
2.15702
1.84226
1.63117
1.24295
1.31991
2.26348
1.88962
2.02941
1.32389
1.44754
1.42837
1.7209
1.26466
1.88546
1.32813
1.73406
2.00206
2.75806
1.74393
1.78072
1.22052
2.01957
1.15349
1.11128
1.75933
1.85436
2.07187
0.681191
1.2963
1.74032
1.49141
1.15259
2.16967
1.82951
1.65539
1.42922
1.53598
1.70374
1.73482
2.57264
1.44176
1.97996
1.35086
2.28628
1.45436
1.35709
1.08523
1.82515
2.67111
1.46736
1.7211
1.83193
1.52006
1.47019
2.87891
1.77111
1.94205
1.58771
1.4234
1.66967
1.53092
1.74002
1.93323
2.19305
2.33989
1.24044
1.69629
1.79574
0.873293
1.89429
1.53662
1.85301
1.15409
1.79769e+308
1.57563
1.21638
1.8506
1.60749
1.6883
0.994509
2.04555
1.79298
1.27376
1.55819
1.54177
1.85768
1.34793
2.00371
1.34946
1.07091
1.76478
1.91464
1.4704
1.95381
1.51534
1.90598
1.66433
1.67728
1.5401
1.42826
2.13163
1.50751
1.41312
1.88904
1.46045
2.66922
1.42902
1.94587
2.50296
2.99864
0.95827
0.648048
1.3703
1.52454
1.52954
1.66484
1.72047
1.48506
1.72017
0.940802
1.86522
1.76555
1.37156
1.64558
1.68382
1.41264
1.70008
1.47841
2.42345
1.7417
1.54415
1.67773
1.20901
0.926879
1.94774
1.66501
1.77126
1.65042
1.70036
1.83021
1.65059
1.11132
1.98951
1.10326
1.97911
1.97857
1.45137
1.88097
1.55008
1.65646
1.90325
1.67557
1.61321
2.12129
2.02048
1.74258
1.69372
2.18802
1.54215
1.98514
1.84232
1.9547
1.97846
1.90783
1.9847
1.9828
1.51085
1.93414
1.48436
1.43255
1.48006
1.78366
1.77891
1.46271
1.77536
1.71032
1.92094
1.73168
1.78144
1.79735
1.39121
1.21045
1.47835
1.61011
0.835162
1.7105
2.13847
1.62213
1.7428
1.51557
1.53424
2.07292
0.990503
1.48407
2.13849
1.84731
2.04579
1.46025
2.222
1.90398
1.54668
1.18779
1.90746
1.8429
1.82506
0.990647
1.97886
1.80323
1.32453
1.83592
1.37847
1.04411
1.37385
2.30854
1.73541
1.69374
0.771782
1.73808
1.61553
0.99553
1.49348
1.94185
2.13939
2.05162
2.09936
1.71242
1.50529
2.03328
1.52439
2.00793
1.77396
0.619883
1.19964
1.52218
2.07768
1.38606
1.43065
1.97884
1.66589
1.86055
1.23076
1.57181
1.60059
0.919211
1.71024
1.57063
1.95676
2.43759
2.04145
0.994442
1.76577
1.63492
1.74787
1.36411
1.89191
2.39499
1.25892
1.82568
1.79803
1.60871
1.91146
1.63608
1.89722
1.71742
1.78006
2.04501
1.68764
1.46651
1.70762
1.95411
2.30432
1.589
1.30538
1.70716
2.06551
1.886
1.34249
1.29498
1.30953
1.37007
1.29176
1.36228
1.77523
1.26444
1.70479
1.43798
1.92739
1.71301
1.87126
1.27764
1.1866
1.55448
2.24475
2.08553
1.91138
1.9852
1.69634
1.73124
1.44039
1.52784
1.733
1.92787
2.06716
0.702124
2.08008
1.39765
1.86552
1.50605
1.53982
1.59316
0.931668
1.6121
0.807823
1.93773
1.81826
1.7432
1.5764
2.18488
2.44735
1.356
1.39057
1.02445
1.86213
1.77335
1.36206
1.25874
1.40551
1.5333
1.59503
1.67663
1.45648
1.78585
0.9365
1.64937
1.51635
1.61275
1.91771
1.39049
1.81304
0.837682
1.42739
1.79574
1.38337
1.73797
1.5312
1.62653
1.59949
0.973496
1.43694
1.49856
1.38729
1.88726
1.91465
1.67726
2.41005
1.8468
1.30804
1.93432
2.16827
1.50652
1.47264
1.63716
1.58149
1.36533
1.96001
1.8608
1.88561
1.90824
1.74212
1.55283
1.95516
1.45535
1.49738
1.29812
1.74583
1.56376
1.76948
1.55625
1.98699
1.77516
1.30915
1.76378
1.95926
2.02162
1.0215
1.71721
1.9776
1.78235
1.46966
2.78849
1.12219
1.61018
1.40789
1.26308
1.96493
1.84014
1.49031
1.87916
1.5241
1.74646
1.19568
1.41308
1.64444
1.30882
1.62147
2.21075
1.57777
1.739
2.09328
1.4955
1.36766
1.69121
1.86431
1.80069
1.26844
1.51009
1.33968
1.67044
1.33014
2.08204
1.58845
2.1432
1.23395
1.71055
1.80642
1.9083
1.64774
2.14644
1.25825
1.576
1.52978
2.15716
0.792842
1.50008
1.98699
1.32744
1.67796
1.43121
1.67513
1.4603
1.47326
1.63245
1.65775
1.48158
1.61338
1.6498
1.52258
1.94873
2.1243
1.88967
1.21357
1.61059
1.60155
1.75422
2.41882
1.13996
1.75632
1.44362
1.57638
1.65627
1.53567
1.10987
1.21829
1.46114
2.06439
1.7117
2.01284
2.63176
1.25042
1.12154
1.93902
1.30424
1.72808
1.47785
1.29967
1.70465
1.68328
1.04988
1.58077
1.72876
1.85879
1.42991
1.51051
1.64593
1.39825
1.78099
1.41594
1.75506
1.48897
1.20501
1.58254
1.77439
1.49317
1.44823
1.50111
1.82246
1.14901
2.43348
1.51103
1.95686
1.74237
1.32646
1.42627
1.35512
2.63993
1.74057
2.04822
2.04462
1.83294
2.23169
1.46098
2.18186
1.24174
1.47175
1.20454
1.28575
1.79696
1.84419
1.38141
1.54451
1.74891
1.45598
1.55454
2.0701
1.52182
1.73038
1.52147
1.31189
1.4796
1.41218
1.54096
1.61413
2.28899
1.47744
2.13276
1.42116
1.86298
1.27402
1.48571
1.82849
1.78129
1.79769e+308
1.33977
1.60966
1.8926
1.26093
1.83486
0.517937
1.97073
1.65389
0.743853
2.06135
1.82325
1.82037
1.14506
1.83995
2.05217
1.56108
1.73326
1.70718
2.07085
1.17092
1.90179
1.89504
1.32218
1.25061
1.67602
1.9225
1.8306
1.57642
1.50005
1.53393
1.32545
0.945655
1.77511
1.66517
1.67639
1.72707
1.95553
2.00225
2.17589
1.64745
1.33439
1.75855
1.3577
1.52269
1.53509
1.84238
1.53631
1.74643
1.38314
1.81048
1.50459
1.68153
1.86514
1.3924
2.22332
1.3917
1.83044
1.70473
1.9457
1.73204
1.71684
2.09039
1.90456
1.46091
1.93054
2.21787
1.5319
1.73042
1.79617
1.57256
1.56533
1.48775
1.96531
1.33379
1.15855
1.10067
1.31343
2.26875
2.07422
1.59616
1.79943
1.5841
1.85501
1.75915
1.17771
1.67289
1.86362
1.79998
1.28388
2.17212
1.07982
2.00188
1.6502
1.63309
1.63188
1.114
1.41444
1.85346
1.42964
1.59541
1.81851
2.3106
1.97489
1.71372
1.80322
1.43673
1.79769e+308
1.85269
1.48201
1.81031
2.05102
2.25642
1.23392
1.16547
1.66396
1.98141
1.90324
1.72151
0.959637
1.44773
1.60732
2.05571
1.30272
1.51596
1.55835
1.96539
2.11832
2.0009
1.37995
1.66331
1.83183
1.70332
1.2243
1.92795
