0
15.866
16.9986
14.2363
19.855
13.1935
17.6255
13.4723
16.5603
17.2984
18.4789
14.3047
15.3043
15.9399
14.3434
16.9197
17.7064
10.49
17.1821
20.5841
13.9775
21.1932
15.8465
20.0802
10.5035
11.0218
15.4225
18.0133
17.6346
17.2952
11.5186
12.8722
16.3403
14.7747
14.7308
16.7465
19.211
13.9379
15.3532
15.4477
16.6811
18.8472
16.3812
16.2232
18.8022
14.712
11.2908
17.4246
16.9351
16.8114
16.6259
18.8238
21.8566
20.3511
19.2441
17.9591
15.4114
16.4535
18.9729
16.8761
16.7047
17.6427
16.632
11.3761
14.7716
7.20578
14.3322
18.8
17.2772
18.3599
15.1132
13.8778
17.3713
18.8481
16.7149
18.0833
18.2878
13.0089
14.1897
14.6693
14.5852
16.409
18.7073
11.8799
13.4373
15.4438
14.718
15.1782
16.1731
16.861
14.4358
16.2062
17.8022
16.4665
17.9694
18.0759
11.4432
16.9858
17.1579
17.5582
11.6261
16.2887
18.0675
14.3189
18.8103
17.1924
14.6258
15.9072
16.4755
18.1139
20.4311
16.5785
17.5234
18.6307
15.9923
21.3862
17.1371
16.5801
12.447
14.3182
17.3058
15.4969
13.6281
15.596
18.1915
13.9954
15.1775
16.4009
17.0652
14.1785
15.583
15.5548
16.7605
13.7779
13.3252
19.5543
17.1312
15.4834
18.5026
14.702
15.0844
19.8218
17.8924
13.7245
14.0769
15.0238
17.1615
13.7156
13.1821
16.6393
15.8974
14.7165
16.9762
16.8778
14.6039
15.5813
16.2621
17.328
14.6747
18.1295
11.0886
16.1805
16.5918
14.7885
11.692
20.1101
14.3938
18.9994
14.8915
13.7949
16.278
17.5524
16.5414
14.4679
19.1115
19.2129
17.3751
14.5513
9.87203
18.8943
13.6925
15.4928
16.6039
12.5192
16.3797
16.1624
13.2282
15.5614
19.2331
11.8768
15.1239
17.4149
16.619
12.2903
18.5219
13.0059
10.7963
18.1582
14.0631
18.702
15.727
17.1844
17.2922
15.8507
17.2428
6.90632
13.9675
15.3306
16.3934
18.3308
20.7996
14.1485
15.572
18.6364
13.3484
14.3817
18.3732
17.748
17.7724
12.5886
17.3299
16.6945
14.9642
15.3188
10.6953
16.11
16.0505
18.1765
17.4426
16.1999
21.0719
14.6172
11.368
16.8195
17.5428
18.3052
17.9489
16.6595
18.9812
15.9722
14.9818
11.9962
13.764
13.545
16.4085
16.6142
10.68
16.1995
19.955
17.3291
16.5886
13.2499
15.2133
19.2341
15.4497
18.9604
14.7307
16.6206
15.869
11.4678
13.3795
17.9246
15.4801
16.0417
17.6403
19.584
12.914
20.3651
18.6439
18.5016
16.9439
17.702
10.9747
15.7239
16.068
7.70173
13.0031
13.925
13.5341
15.9727
16.549
15.6933
18.4556
16.9466
10.6349
14.9782
15.3531
20.076
19.4192
17.342
14.4381
13.2606
16.3933
14.3746
16.948
17.7253
16.9842
14.3402
13.6694
10.2807
17.6572
18.881
12.3663
16.3477
12.9022
19.3897
18.4913
9.58925
17.6379
14.3725
14.6304
17.518
15.1307
19.2627
18.0721
16.1396
17.8163
17.1524
16.2096
15.7987
15.4098
14.8893
13.5589
15.0216
15.7978
12.4264
17.8247
17.3499
16.7323
12.2376
14.8656
16.2276
15.7142
12.9872
17.0616
16.009
15.7593
17.5097
13.1714
15.8547
16.3016
18.8635
17.4016
12.664
19.3494
15.7682
14.3653
17.4617
15.6006
13.7836
17.6715
18.2101
14.2199
17.2808
16.8385
17.3994
12.9521
17.5177
11.953
20.0979
16.7802
17.2493
16.7435
12.0846
19.3033
16.2693
14.6692
18.3241
15.9909
14.034
17.1704
15.5926
11.927
16.7323
18.8189
18.2076
17.2233
17.8627
16.3255
11.0917
15.0162
15.7037
17.4312
12.1333
19.378
12.9682
9.80528
17.7697
14.2025
15.2303
15.0685
20.5074
16.0785
15.387
18.447
8.67208
15.1476
17.841
16.4017
16.8644
19.8631
14.6472
16.7599
18.3648
15.6165
18.0271
14.2274
13.2344
11.4956
5.65975
11.7131
17.8882
23.3003
16.9927
18.2718
16.3121
16.4664
17.8862
17.1502
17.5847
14.6741
11.2921
16.6076
13.7421
15.1095
13.1323
15.9365
16.6395
18.6356
17.7206
15.6935
15.9294
9.87706
15.941
16.4001
16.1061
20.6548
16.9304
11.4975
13.9568
14.9863
14.1285
16.6843
18.8525
15.4154
16.4025
15.6814
14.5866
18.1706
16.5996
17.7253
18.5311
15.6772
17.8909
18.4865
15.648
16.4545
12.7449
18.4389
16.1571
16.316
13.015
17.4406
16.4575
8.79499
17.8091
18.3506
12.9985
15.1221
15.7059
16.4751
14.6868
16.1387
16.7623
16.3338
10.3754
15.4107
16.0461
18.039
14.4582
11.3706
11.4396
18.2615
16.4441
16.5704
11.4881
13.7861
15.1412
19.7991
14.1482
15.0834
15.9724
16.252
17.6089
17.9926
15.5813
16.0518
13.7317
17.1309
14.8292
16.6746
15.4305
13.7113
13.3882
6.1259
20.696
10.0093
20.9704
13.5891
14.6518
18.6517
14.4396
16.9301
16.4388
17.1063
12.836
13.857
14.9563
16.1044
15.0901
17.5335
17.9145
12.561
16.7434
13.4664
15.6354
12.7605
15.0821
16.2645
11.4683
15.9536
12.8516
20.0111
15.3675
15.4431
11.1697
16.9313
17.4449
14.8656
19.9713
15.5715
16.3056
13.67
11.5604
9.30711
12.8477
11.0309
13.4607
17.7625
14.2885
16.6556
16.0564
16.9842
15.1431
14.5838
13.7992
16.3104
14.7448
14.4446
19.8885
16.964
15.3102
13.9766
15.6879
15.4963
12.8365
16.6685
15.0963
17.2764
16.0089
17.336
12.4594
16.0035
17.6064
15.9712
13.5943
15.8439
13.0915
17.2615
16.8061
21.6771
17.0341
14.6138
12.5946
17.4527
16.7422
18.2781
13.1158
15.389
17.4716
14.7613
14.5443
15.5883
15.855
13.5876
14.258
17.402
13.948
15.374
13.554
17.159
19.6661
18.1366
16.0196
14.0931
17.341
14.5193
14.6838
17.7224
16.8987
16.7475
11.7589
15.5475
14.3525
17.7259
10.4238
14.4532
19.0478
14.8897
17.6319
16.77
14.2033
16.5953
16.2271
17.7865
18.3587
12.1318
11.2439
13.4619
18.5721
11.9522
15.4586
15.9954
18.3191
14.2534
16.9128
14.9631
12.5335
14.4418
17.2876
11.8474
13.13
13.0873
17.1738
19.3043
18.4254
15.9801
14.7941
14.0338
13.7453
16.8787
17.6568
18.6379
10.9221
17.6131
10.7274
20.5456
16.4027
14.1294
15.8336
16.0981
16.6862
15.097
17.5399
17.8487
16.4139
19.8492
15.2301
17.5378
10.8787
12.5547
14.8849
15.4373
16.1118
12.3119
16.2256
16.1021
16.2229
12.2056
16.8542
15.1269
15.5945
12.6173
13.7284
13.811
14.7891
11.2373
12.6477
16.4007
17.8897
17.988
13.6068
16.1551
15.2965
13.7834
17.0871
14.7423
18.1802
14.3659
16.1711
18.5284
20.2394
12.7592
14.5446
20.1748
19.5974
16.1721
13.2635
15.8615
14.9875
13.7384
15.3049
16.3995
18.3222
15.7204
16.2853
13.9418
18.1196
15.1784
17.8731
17.787
14.2926
18.9622
20.0141
14.4786
17.1077
13.1723
16.0963
17.7075
14.8066
13.6699
18.448
17.8359
17.5603
18.8076
18.8507
13.7622
15.024
11.0571
16.9082
16.0741
17.9059
13.4614
17.3586
14.196
18.8427
12.3344
16.3079
16.8736
14.5134
16.9181
14.3127
13.812
19.2733
16.9793
14.6617
13.9979
19.896
20.6083
16.771
14.7007
13.0978
20.3632
17.9998
17.418
14.612
15.415
12.4485
12.2687
18.4372
17.9014
12.4482
14.8347
16.0911
16.0367
15.4589
14.1572
16.6462
14.7668
18.3415
16.8317
13.8294
15.5519
15.2648
16.0719
17.4787
14.2983
19.2767
19.4397
13.3545
15.0839
14.2517
16.2092
16.6809
12.591
19.024
17.631
15.0845
15.7394
17.4819
13.3236
17.601
16.7708
19.7671
15.4081
15.4108
17.0884
19.8434
14.8031
14.0569
13.888
15.4179
16.009
12.6295
17.8284
15.7436
14.038
16.7514
15.7545
16.6516
18.2011
15.6495
15.7043
14.9286
17.2392
19.2225
16.0023
14.3814
14.1092
15.341
15.1522
13.5446
15.8223
17.0284
18.3218
12.0856
19.8055
12.5539
17.187
19.8853
11.2624
13.8035
17.5557
14.0722
18.1989
11.6536
15.2387
12.5287
14.7575
14.3012
14.5604
15.2994
14.8801
16.1142
13.8186
16.5635
15.838
11.9766
19.6745
15.1421
18.7054
10.2842
16.6695
14.7886
8.21934
14.6039
17.9754
14.476
15.4092
9.35176
14.3531
14.5653
13.7715
17.4553
15.0767
19.7269
12.3173
17.7893
17.4396
17.7691
12.351
16.513
18.3165
16.4752
16.993
15.6688
16.4293
18.8791
17.8623
16.6507
17.7677
16.353
19.9263
18.4103
15.2911
16.6088
14.3357
21.0263
14.317
16.5705
7.37175
14.7075
12.3355
17.2232
11.2744
14.1318
13.5369
16.8893
7.59894
10.8014
17.4262
12.1232
17.9301
17.3684
15.9571
16.15
11.4333
13.8699
17.7281
19.4836
17.4794
16.9555
14.5236
17.8458
7.3384
16.5342
13.7976
16.3334
12.8897
14.4006
14.2609
10.8439
16.274
15.8406
14.1284
16.5385
18.9835
15.8578
17.2413
17.4849
14.9748
7.80077
16.3975
15.4024
16.2169
16.5727
16.2405
18.8397
16.4716
16.2114
9.04645
12.2832
12.9981
16.5576
10.7141
16.1132
16.6858
16.8357
18.5968
16.2532
15.1509
15.4853
13.5348
16.7069
12.3155
12.96
18.346
13.5628
19.6649
11.0688
16.5568
15.0821
15.761
12.5698
12.6182
14.4728
15.8566
16.5907
13.0655
12.6656
15.8002
15.8061
13.0287
15.7918
20.731
13.5277
13.6416
15.4332
14.2485
18.7037
17.0622
10.7461
17.893
20.2275
14.8209
15.7474
17.8739
18.533
15.7371
15.8409
16.4187
15.1567
13.25
12.5849
10.7
15.379
17.9193
17.2603
17.1054
15.3632
18.6475
16.9057
15.6982
18.4555
11.9234
18.6236
15.963
19.9559
16.6073
16.8046
14.8575
18.2431
14.8206
13.9058
17.3507
18.6604
17.6039
16.255
18.371
17.7368
16.5633
13.7847
11.2637
15.8947
17.2082
16.4979
15.062
17.1315
16.8527
17.7841
16.8007
17.3768
13.6522
16.5
11.932
15.3949
17.5694
14.5991
13.8264
13.8396
15.6454
20.781
20.0022
16.7655
16.6575
17.7642
17.1071
16.9644
14.787
14.2211
14.7014
17.0044
13.6729
13.9163
16.2827
16.6224
15.8465
14.5106
17.4476
18.2841
18.7961
13.4306
15.6811
18.5521
19.3063
14.848
17.4216
17.2721
19.7687
17.0186
15.964
16.5353
18.7594
18.4691
16.0506
12.0757
18.0866
17.7492
14.5592
18.6554
14.4635
17.4687
13.2639
17.6089
16.3978
17.5094
14.0656
18.3218
19.2725
16.3749
19.8861
19.0238
17.0714
17.7101
18.2523
16.9546
11.005
16.6723
10.154
13.539
13.8448
15.8573
17.8331
12.9171
14.9358
13.6362
15.1754
16.6295
17.8483
18.9321
13.1766
20.5355
15.3002
19.2114
16.0042
15.5714
20.7615
18.2687
16.688
12.322
18.1107
16.1859
17.057
16.5429
13.2145
17.9786
16.2402
8.7003
14.4063
16.7183
15.1133
13.856
16.3535
15.6508
18.3042
15.5242
16.7916
15.3395
18.3042
16.0252
16.895
16.3787
12.2394
16.9987
18.1173
17.0244
17.9618
17.7995
14.5737
11.2207
16.6113
13.8354
15.2251
17.2358
16.2604
8.10175
16.7278
15.7157
14.7797
16.8927
17.879
18.2638
13.588
13.262
19.2996
16.1903
17.7705
14.4843
17.418
15.8878
10.5484
17.1697
14.8669
17.4972
14.7928
17.8515
2.64722
16.5303
14.194
20.5333
15.548
16.4422
15.0374
13.9899
15.6583
16.2315
17.3441
17.2652
16.0143
18.9542
17.4453
13.8816
12.3229
15.4205
17.0826
13.6967
16.9637
17.6585
13.4613
18.16
16.6031
14.7225
16.158
17.2521
15.4986
20.8603
19.2533
17.0453
18.9932
15.5961
19.4652
16.6846
15.4225
13.6951
18.0382
12.1711
16.6826
18.2272
13.9036
17.5444
18.8035
16.7652
17.3477
16.7012
16.8168
15.7327
16.6166
23.9473
14.7666
17.2301
16.7237
12.2514
12.7887
15.5754
14.7654
10.5726
11.937
15.4172
21.8015
15.1694
12.5661
13.5352
17.4297
13.2324
17.4378
16.2336
17.409
16.9791
17.4518
20.1913
15.0876
15.5185
17.3631
15.8761
12.0902
15.5413
16.0258
13.0593
14.8261
17.9517
16.0311
16.9826
17.9779
18.8506
16.3733
13.7961
16.8368
16.8922
14.0291
17.0135
15.7649
9.03531
13.0279
17.7571
14.5918
12.1375
19.9188
18.6172
17.9289
13.5515
10.064
18.679
14.6331
18.0153
17.5576
16.6482
15.6222
15.0723
12.3712
16.1459
16.2011
14.5576
15.7843
13.8679
16.2928
15.8353
14.8826
17.3262
17.6095
14.9085
15.4458
13.7882
17.5407
18.4195
13.4377
13.666
17.6684
14.7651
16.2125
17.6128
16.5693
11.4614
17.4101
17.3573
17.5093
16.7366
16.7141
14.2821
16.5656
14.479
16.4597
12.45
14.5744
16.9977
16.2058
17.069
17.3076
15.2659
17.5978
17.603
15.5903
16.9195
17.1424
19.2814
16.5578
15.5738
14.1321
15.2663
14.5995
15.0409
14.1089
17.5158
15.8692
13.3232
15.5246
19.5544
17.1768
14.5241
16.9738
14.1798
17.7546
17.9931
18.3636
18.2707
18.7181
17.6588
15.0121
17.8586
17.2729
17.7126
18.3308
16.9881
14.6749
12.8838
11.8752
17.6527
8.64685
13.5876
16.4557
16.4042
14.1309
12.4799
12.8897
13.3785
17.5479
16.0863
18.5212
15.1529
20.6267
10.7961
15.9962
15.1817
12.1767
16.3893
15.7704
14.1759
15.4642
18.4036
19.1103
14.4831
16.1068
16.6199
20.798
15.3132
15.1726
14.504
19.3132
13.6591
17.6305
14.5315
13.5375
9.39661
14.5025
18.8878
11.03
18.8325
18.0785
17.1467
16.5579
16.7194
11.9882
9.59744
16.0953
18.6304
11.7348
15.3354
16.4969
17.6244
18.6371
17.4286
19.2078
15.5106
18.6302
14.1105
15.2463
16.5761
16.4143
18.5743
4.00261
17.4873
11.5606
19.0122
18.9838
14.0139
17.1667
19.3765
11.8573
17.8836
19.6153
15.6443
16.9928
10.8848
16.7526
18.2345
17.0846
14.9534
13.8532
14.9684
13.673
14.2227
18.7609
16.0584
12.9435
14.4316
17.2773
16.0096
11.4454
18.7011
9.76915
13.2495
17.2634
15.5793
11.9109
18.1954
18.7224
14.1609
17.5688
15.3997
15.2449
15.5236
9.84935
14.1907
14.8565
17.6245
12.6687
20.495
14.9628
14.3066
16.7758
15.4634
18.8389
17.9147
12.5176
12.3396
15.9218
13.0333
15.9297
14.648
15.6276
12.2119
14.4652
17.4296
19.755
16.774
18.2427
16.1539
13.9556
15.9763
17.2535
16.5448
13.0663
19.2471
15.6361
19.5579
18.3152
18.5547
14.716
16.4725
17.9657
17.2861
11.3211
14.6651
17.2029
13.6168
11.0339
15.6984
10.9646
12.8499
14.7247
15.4138
16.392
16.5569
18.2096
18.9156
19.3274
17.2277
15.5128
15.4802
18.0935
15.686
12.457
14.079
10.8169
15.1705
11.6437
14.2209
15.8016
17.6367
14.7113
13.3855
16.9628
13.606
19.7933
13.4907
14.9756
6.68407
18.4376
15.5585
17.9192
16.4681
19.0698
15.3822
13.342
14.6876
18.2454
17.6853
18.8515
17.3419
17.1376
16.7274
16.3537
15.9943
15.0522
18.1604
16.4943
13.8187
16.7759
16.2198
15.8289
11.4942
15.7785
10.6793
17.4992
18.4773
13.709
14.6924
12.1983
18.346
15.0103
17.8868
18.6693
16.6111
15.2471
15.9317
13.1329
14.1012
16.5805
15.7805
15.1766
19.6079
15.2571
13.7827
13.328
14.575
7.87687
15.9476
20.9794
22.4589
14.7892
11.9062
15.995
15.1816
17.5695
15.2362
10.9347
12.5513
15.4385
18.4075
14.5354
16.8461
16.1062
16.4255
16.8832
11.3819
14.9727
14.8124
17.9413
16.9376
20.8212
13.6098
17.2504
17.6538
18.7098
21.59
16.3602
15.356
17.0472
15.9368
12.9494
16.2735
6.24458
13.587
14.7682
19.1507
12.5852
14.7094
18.1871
13.4044
16.065
18.6122
19.0355
15.6963
13.2028
17.3601
14.2518
17.3985
14.3013
16.845
17.3383
15.4848
16.9434
14.6298
18.13
17.1876
17.7217
16.3843
9.6887
17.2741
17.2216
19.5407
16.8298
17.4554
16.5957
12.9662
14.7216
15.1942
17.9282
19.4888
16.1511
13.3765
16.1643
17.9268
16.8615
15.5449
18.5595
16.5563
14.2919
17.5657
21.4498
17.6739
15.7829
17.0221
17.4784
16.6017
17.4047
16.2822
19.252
17.2876
20.191
10.943
16.0418
15.0149
15.6073
16.715
18.3652
16.7607
16.9908
14.7282
17.3212
15.5468
15.9536
16.8354
17.4905
16.3816
15.2585
12.9713
10.822
13.9034
15.1757
15.2905
16.3597
16.9759
20.7042
15.726
16.9591
17.0973
13.7199
17.5798
11.6882
14.0168
16.3289
14.8608
19.6035
15.6272
17.9642
16.064
18.5667
14.2952
20.0179
13.5807
12.1309
13.3381
19.0595
15.4321
17.8692
13.9253
11.9842
12.9944
11.3397
13.2582
14.1857
20.418
19.5355
15.0047
17.2531
16.9394
14.3628
14.9685
14.0409
16.9958
15.8634
11.4158
16.3344
16.8117
19.2874
20.5363
18.9253
13.5556
17.2427
18.2605
17.5534
14.2679
14.0708
17.6981
10.1245
16.5217
18.4167
13.0729
18.3917
18.9725
20.0343
16.0609
15.5652
16.2175
16.9631
15.1509
16.1745
8.25961
16.8854
9.95064
13.8767
12.8534
13.3663
16.9638
17.5566
17.4588
19.26
21.0165
11.822
14.6863
7.81502
15.3816
13.1472
14.3814
12.8007
18.2824
15.5881
14.6055
8.3838
18.1969
17.753
17.7295
10.9928
14.8768
18.6835
16.8751
13.5574
16.5085
18.1245
13.3189
16.2563
15.9072
12.9616
18.9093
17.651
16.4426
15.1786
13.8906
13.3827
17.4121
19.3817
10.7112
15.3748
12.7984
15.6882
13.4975
16.8983
14.2888
13.3501
14.8422
16.0736
15.4663
16.2796
16.1488
17.3731
12.1653
12.9916
16.6396
18.6588
16.2721
13.6716
14.5225
17.7562
14.3072
18.6951
20.8312
13.0259
16.4653
16.0616
18.2451
14.6151
18.7661
10.0896
16.529
15.5181
20.6164
16.3739
18.2065
15.5309
15.1068
18.3362
18.1215
15.6867
11.1311
11.8496
17.825
12.7372
16.4685
17.8286
18.9057
18.3282
17.0471
19.1387
16.788
15.5581
17.4463
14.8011
13.536
15.0849
15.8749
11.8455
14.2812
17.5638
16.4649
15.0646
12.9534
19.9365
18.251
17.7225
15.3843
15.1888
14.6834
15.012
9.78446
16.0048
18.6459
17.5207
16.7525
14.232
15.3108
19.2542
14.9146
18.1533
15.3868
18.1254
18.5752
13.7408
17.2857
16.6224
11.9767
17.8914
17.479
16.3247
16.7034
13.7479
20.2819
19.2213
17.8406
23.1581
16.1865
15.7236
19.1121
18.4848
20.6448
14.4163
19.0671
17.4564
17.3374
14.6506
18.2982
6.88886
15.8968
12.7751
13.3164
19.3012
15.3358
13.4932
14.2528
15.5632
18.3454
13.4407
15.1755
15.7935
16.8897
16.0487
16.1065
17.482
18.2254
16.8737
16.4736
18.9812
17.1294
14.5606
19.5153
17.7875
16.6384
16.2027
13.4828
15.0167
15.2529
14.3858
15.7795
16.1601
13.5067
15.087
16.5528
17.0013
15.9745
16.0319
15.5906
14.3828
17.2533
13.6658
13.816
16.7914
14.7851
19.1198
15.694
15.4348
18.381
14.1043
17.5247
12.4866
15.6158
18.4774
16.1581
10.7149
16.5233
15.3609
14.5719
15.6349
17.8643
15.95
14.6151
17.3093
14.83
18.069
20.822
15.5655
14.1532
14.8906
14.9809
14.3582
16.7741
15.5381
15.352
17.9685
14.4716
14.2303
16.8701
19.6076
19.4998
17.3496
15.9909
15.4109
15.3072
17.131
13.7414
18.0616
18.1587
13.4933
13.6072
16.871
19.4516
15.3005
15.1955
16.7833
14.3361
16.3261
13.0723
15.796
17.251
11.0058
17.2775
15.8214
13.4308
15.7476
16.6742
10.9266
15.7784
17.1861
13.605
16.6169
19.0801
16.7499
19.134
11.0857
15.196
15.7638
15.0009
16.7782
12.7701
10.3093
17.1308
18.2753
14.22
17.8185
16.0192
14.1053
19.1915
18.5066
10.207
17.0804
14.2894
12.3372
18.9409
15.2621
10.2808
17.8134
18.5672
17.1764
14.6645
16.0646
14.1487
15.679
13.549
16.1176
12.3397
17.0917
17.1337
19.9849
16.4724
12.0243
14.0466
14.9155
16.1459
10.8363
18.0464
17.6794
18.9257
13.2706
16.2407
14.486
15.9514
19.3495
17.5492
15.2091
14.8017
15.2234
12.6535
14.0211
17.141
21.0192
15.6268
11.4419
14.7846
17.0882
11.7202
17.7896
14.8979
20.787
15.0491
15.747
20.0861
15.9994
14.1903
21.7204
16.6426
17.9368
15.0361
18.5077
15.5879
16.8982
13.0593
16.208
11.4567
10.1701
16.2906
15.9296
17.7148
11.5136
16.2566
18.4568
15.511
19.3467
17.248
19.5468
19.5176
16.299
17.4076
15.4388
16.1926
16.2208
14.3785
15.4815
16.725
16.2499
15.4681
11.1383
14.3371
18.0613
16.3754
17.658
12.7155
11.3497
17.5693
17.6235
10.6295
13.9927
14.484
12.3251
10.8954
21.8115
17.436
18.2084
15.8064
16.8174
14.904
13.8931
19.0928
14.6879
15.7387
15.0308
21.2107
18.3343
9.73574
14.462
16.8243
13.8104
16.6839
14.1375
12.7843
16.2923
19.7548
16.6763
16.1825
14.2826
17.7292
14.7779
13.5393
18.8014
14.1438
17.6965
17.3418
13.3366
15.8106
11.0869
11.5543
16.8368
14.8951
16.8984
14.2957
14.374
7.78419
8.00779
15.0443
16.9851
15.7041
14.8186
13.9269
14.9972
18.8692
16.048
16.1155
9.85893
17.5108
17.6867
17.0969
15.7119
4.24026
15.5422
16.4533
13.8696
17.5253
15.8413
15.092
13.6666
15.3146
15.907
18.7121
15.9281
15.6507
15.0573
14.8784
17.4676
16.4762
14.6984
14.2398
14.4321
15.4418
15.6665
16.7434
18.5984
16.6468
17.7063
14.9959
18.9012
20.2741
16.8647
16.4164
11.2242
20.9526
13.9026
13.2034
16.4296
15.4448
17.3637
16.7616
19.5154
11.0873
13.2269
17.749
18.6487
18.4562
14.6144
17.4673
17.0389
10.223
14.427
16.3419
18.457
17.7712
14.6516
19.7696
13.037
13.3924
15.9265
11.5849
14.8651
16.9308
17.3496
15.2343
12.3569
15.9737
15.9061
13.2997
16.2975
19.5313
14.7658
16.0333
15.4103
18.6111
16.7887
15.3641
16.3313
11.9012
17.2128
18.8964
17.7322
15.6315
16.8598
14.9907
11.8678
15.407
19.4807
17.9732
13.1375
17.3478
16.6923
12.3987
14.5261
15.5619
18.795
14.2543
14.6585
17.3307
16.4941
14.8658
17.3183
16.5309
16.1862
12.4281
15.8949
16.6455
16.2577
19.4731
17.6493
15.8869
18.8605
14.4501
13.075
18.3186
14.1991
16.0324
17.8562
16.4617
12.7215
22.3803
15.0334
14.6167
10.9098
15.8468
20.8502
15.6333
18.0426
17.9693
15.2829
15.0517
16.9145
12.1639
15.321
13.634
10.6881
14.5823
15.7473
13.1145
20.6163
13.9718
14.7814
16.3255
16.4131
15.4425
16.4123
16.337
16.7031
16.3342
15.2964
11.8901
12.9708
16.2922
7.78651
15.9043
17.2496
17.7803
15.7561
16.9876
15.9992
13.6779
14.8843
11.4137
15.0621
16.2573
16.5154
13.1299
14.4368
15.9204
15.1697
17.7921
19.7245
13.752
17.618
15.0519
13.7552
16.4671
5.94237
14.8994
18.6511
15.0217
19.0252
17.2791
14.5355
13.8138
12.9376
16.3161
16.7603
15.7548
17.0004
16.4782
15.8024
15.8597
15.0336
20.5417
16.0378
16.9766
15.1933
13.8012
16.0563
15.6603
17.6822
17.5338
23.3414
16.6119
13.8986
13.9251
13.6681
15.8302
11.4627
17.8892
17.2613
16.3156
18.5992
20.0565
18.2878
15.0641
17.2259
14.9613
14.9124
16.1476
17.9238
20.1579
8.38768
20.6447
16.5762
14.7572
19.6967
18.5512
9.68945
16.1242
19.3151
12.7065
16.7343
15.4606
12.7007
15.9031
17.8269
16.1824
12.5054
11.5062
16.2457
15.4149
15.3572
14.6503
17.6376
16.6253
8.48788
16.5742
17.1674
18.2028
15.925
13.2188
16.0496
12.898
16.47
13.9695
13.7031
15.6604
17.7949
14.6773
15.7746
17.8773
17.7317
17.5219
17.4942
15.0152
15.4469
19.8374
18.5654
11.5663
20.7374
14.7536
17.5628
13.2535
23.4837
21.2039
15.5132
15.9676
16.9875
14.2346
15.5498
18.4349
18.0427
15.3519
17.0272
19.1688
14.5438
17.051
15.7056
13.6515
13.12
19.0011
17.0169
17.1187
17.3833
18.2132
15.3493
18.3153
15.5738
15.5784
16.431
11.3929
13.7065
8.09097
14.3361
16.1871
16.4121
10.9733
12.2751
17.4883
16.3387
19.0178
20.6026
15.5139
17.1106
14.0558
10.4694
16.44
20.9338
17.0102
16.2237
13.4608
18.2733
13.8065
16.8147
16.4847
16.3174
17.8146
14.4423
16.2279
15.0169
21.1047
17.1639
17.6744
9.78776
12.9834
15.3198
11.8523
9.46451
18.1394
15.0016
10.9084
12.7013
17.4171
12.0148
16.3277
16.8441
16.8444
16.1052
16.0663
14.1104
14.3005
18.2907
10.8487
21.0925
15.0704
14.7054
15.8661
16.0294
15.3787
17.6897
15.8722
19.7623
16.78
18.1649
15.2553
10.6544
13.8898
8.64781
19.4901
8.74734
18.1286
17.76
12.2958
16.3014
15.6064
14.7262
16.1409
12.7588
17.5133
16.7166
14.3366
12.7704
16.4048
10.7274
15.5291
14.8258
17.5757
16.7062
18.4379
17.6296
16.217
13.5175
17.2951
19.075
16.5633
15.3292
16.3457
15.6151
17.3518
16.5546
16.102
14.5526
16.0786
18.7299
17.3077
12.0373
16.8822
14.0179
4.69403
16.9679
17.3657
11.7925
18.8243
14.7876
17.8248
16.6468
16.1278
11.5298
14.8482
11.1566
14.2352
13.6961
13.6821
18.5127
16.0474
14.8692
14.384
14.8615
18.7253
17.6512
12.2795
14.3839
16.5023
13.1561
15.9449
16.7949
13.5469
18.218
15.3215
15.1473
15.8924
15.3852
19.106
17.0123
15.1043
15.7703
15.6196
14.4763
16.8304
16.0183
16.1488
14.2097
15.9576
8.3493
19.5699
13.5015
12.8237
13.2916
18.0451
19.6616
14.2572
14.8941
11.7591
16.9358
15.8681
17.2894
17.037
16.2941
15.5954
18.2521
19.3446
11.7719
13.9626
13.8986
17.5427
17.316
16.8577
14.5787
17.0654
17.8652
16.6254
18.3661
16.3651
15.1757
15.592
14.4749
13.4919
18.1907
15.1957
18.7613
15.7252
17.287
22.3095
17.9029
18.1196
21.1526
16.0833
18.9371
14.1451
18.4447
13.5287
17.1676
8.4097
16.5725
18.8631
15.3626
13.313
16.859
17.0778
14.1561
16.4832
19.5383
19.2831
15.4937
12.0551
16.1233
13.811
18.0318
13.5446
12.8584
16.4213
15.4869
14.8622
17.6413
15.9422
14.4993
17.7057
17.7708
14.2067
9.77442
14.6262
14.4484
18.5585
13.4524
12.828
17.4022
18.7993
15.2132
14.7354
15.3648
15.4875
15.8356
15.6016
18.8725
17.1832
14.1509
8.44223
11.6851
18.3977
14.6064
12.4987
14.4009
11.1269
17.6203
12.6997
14.7952
14.3295
16.4894
15.6557
15.9136
15.3126
14.6478
16.0943
16.4322
15.2963
15.991
18.8954
18.651
18.9754
11.0046
18.1139
18.0083
13.6432
18.8178
13.6934
19.0187
8.12688
16.2745
17.5591
19.9116
17.7705
14.5025
16.6626
10.8574
14.4447
16.6978
16.3951
15.558
18.7486
17.8038
18.7994
12.0322
15.9582
15.2985
10.827
19.2878
16.0062
17.5819
9.9288
19.785
14.1586
16.4676
17.8883
19.5363
19.1003
16.8588
15.546
15.77
19.3055
12.5514
12.5345
13.7059
16.7704
16.7524
13.7094
17.2668
12.946
18.2732
16.9341
14.9152
13.5998
16.2814
13.5876
12.9286
19.0608
13.812
15.0413
6.57326
17.5956
16.8622
14.7814
16.1866
15.1816
17.6538
12.645
13.5545
13.0114
16.2609
16.4903
15.6978
16.8891
16.2881
14.8389
16.8895
17.3298
18.3226
14.933
19.4036
15.0877
15.8232
15.6705
15.771
14.9657
16.9789
18.2266
15.1049
14.6806
12.6106
17.1009
17.8534
17.2199
15.5444
13.213
15.4095
14.4103
18.4139
17.8291
14.7682
16.519
16.631
13.7827
12.9685
16.81
15.7047
19.6753
15.1736
17.5662
12.7169
14.9972
16.3605
15.3133
17.372
19.3366
16.8799
18.9958
15.1158
18.535
13.9943
16.7979
17.7635
17.4135
17.3439
13.1192
15.8402
18.1956
16.6126
13.3142
12.7042
14.2711
17.2934
16.7748
9.1001
18.821
19.9861
14.4198
10.3252
17.2647
12.5461
12.3512
14.8489
13.8663
17.7096
15.4062
13.5631
19.2686
17.3639
18.2912
16.1516
14.5088
15.1922
13.9439
16.5818
15.4682
14.2054
18.1309
16.4661
18.8463
13.7802
16.8035
16.8471
18.3984
13.7038
17.7626
15.3513
14.1951
15.4001
18.7613
16.663
14.6587
14.7537
14.9029
14.7524
16.1817
17.9479
16.4456
14.6531
13.5069
17.4779
16.6115
17.5861
16.633
10.9374
14.3548
16.2159
16.6214
14.9524
13.6638
16.455
12.8931
17.0491
17.1143
17.1631
17.1294
16.188
14.0889
19.1223
13.7483
16.9949
17.9989
13.1309
19.4217
17.5796
16.7673
20.8389
13.016
15.3266
17.5845
17.3202
17.6686
12.3795
12.0461
16.7745
10.4696
15.403
17.0606
13.5092
17.406
15.9448
13.6947
19.0776
18.1685
11.599
13.5722
15.0242
17.0811
14.054
16.5543
16.6539
10.9429
20.2336
18.9209
16.4157
16.51
10.9583
16.0498
12.9959
16.6978
15.2394
15.672
15.4104
17.9664
15.3896
19.6769
12.4027
16.6333
21.5663
9.75006
17.2894
16.8785
12.9811
15.5042
16.3581
16.6258
15.677
5.82526
13.7028
16.241
12.5514
17.324
15.5257
16.9568
12.326
15.4106
14.6664
14.4086
13.6227
16.7023
17.8762
14.7692
18.0354
15.8057
16.0307
18.5263
14.4789
15.4334
21.4679
13.8853
14.8689
18.7361
17.6347
18.4916
15.0772
15.0452
14.6239
17.8542
16.0715
18.0273
18.5168
14.4929
13.3686
17.9278
16.1187
16.0055
18.1432
17.249
19.4468
16.0723
17.0937
18.8512
14.5688
11.0785
16.5066
16.3432
16.5668
15.8293
17.2789
17.4228
12.3432
17.5155
16.734
14.3705
12.7874
13.8484
14.5965
15.4342
16.3761
12.9376
13.8476
15.7476
13.9908
17.0075
18.8494
15.8008
16.6949
16.174
16.9546
13.8412
17.9296
14.7763
15.014
17.8668
16.5823
13.8853
16.7817
17.3559
13.7794
16.1199
18.895
15.4815
17.6648
12.2791
13.1944
11.2607
16.8355
16.6552
16.2926
17.7081
17.0506
16.4317
15.7622
13.5622
17.2854
16.6263
15.7417
15.9843
17.9891
17.6108
15.1707
19.0442
13.0018
8.52788
14.5132
15.0567
18.0702
14.303
19.721
17.4949
18.7902
15.4398
14.6367
14.7631
17.1289
12.8635
16.0958
15.6587
15.9749
15.7873
13.8523
16.1182
14.2728
17.1219
17.4179
16.2111
17.1202
16.0979
18.8017
13.8737
14.8133
17.323
23.9764
17.4267
15.0867
11.7549
16.8996
18.5053
18.389
14.7174
13.9783
11.1478
17.2739
11.1203
14.8659
16.9578
18.6411
12.3346
11.1054
14.7822
11.1781
16.5
12.8683
15.6661
11.2064
17.8596
15.7755
16.3978
17.6323
16.9301
16.146
16.506
15.4067
16.7796
17.3081
14.8318
16.512
16.4168
18.6043
13.9249
16.6323
17.6407
13.8982
16.1415
10.1304
13.1187
16.0583
16.412
18.1618
21.0793
16.1084
14.6293
16.9651
18.7835
16.465
15.6416
18.3516
17.1921
15.487
16.6988
15.298
15.2992
16.0896
18.2141
17.6484
15.1128
15.9031
16.4752
16.8853
16.5616
17.1097
18.0502
15.3626
19.4904
15.3649
17.2981
14.7884
16.3028
17.6891
19.4573
14.3912
15.6767
14.5256
15.1889
16.3542
10.2103
15.315
18.4069
12.8627
13.024
15.3313
17.3198
15.369
16.8885
21.1199
17.0794
12.4459
8.67207
10.9059
16.7764
19.0211
14.0613
16.6792
17.1927
17.3772
17.793
16.1031
17.2504
17.305
17.2134
12.826
10.2073
21.1387
17.8414
13.9274
16.9648
14.4919
12.4325
16.9801
17.8466
19.5354
15.8836
17.6042
22.1491
15.0368
13.9382
13.4199
15.1709
14.2507
16.8291
18.5137
18.59
12.1948
19.7249
17.8268
15.924
15.6888
10.9078
17.3925
10.6064
16.6342
16.9265
12.0128
17.4478
11.8472
13.8028
12.4723
15.9045
16.7001
14.3773
17.1991
17.0657
13.8449
14.6104
14.3936
14.8093
16.0235
14.8755
16.1089
15.6357
15.3141
13.3398
15.5969
14.7906
12.6481
15.0223
19.0007
15.5188
12.2601
14.1453
19.364
16.5438
17.888
15.3126
15.9146
14.9023
16.4404
16.4023
13.5233
16.2079
17.7358
18.9674
16.0177
5.61781
12.0423
19.2643
14.9942
18.3626
15.1356
17.7657
15.7486
16.4723
17.4565
15.6934
13.6253
16.1802
14.8725
13.92
15.0107
16.3203
14.7806
14.9868
19.208
18.5359
15.788
17.2231
11.3176
17.5375
16.1024
11.9904
15.1144
16.6252
17.6732
18.5994
17.2828
19.3088
16.6829
16.1804
14.8786
18.0783
13.0538
16.8128
18.4875
11.7699
16.6033
13.7916
18.9503
15.4964
16.7442
16.3536
14.1126
12.394
11.861
17.9127
15.3787
16.9417
15.7796
19.6267
16.0464
15.2928
16.8373
15.7715
17.0185
16.4689
18.9375
16.7931
11.0153
13.9465
19.9391
12.8055
13.6973
12.1003
15.5224
18.8723
14.6119
12.9956
11.5958
16.5392
20.0258
15.1914
14.3443
13.1918
21.4271
10.204
13.9345
16.9143
14.2013
12.0177
13.7996
14.3287
18.7921
15.2766
15.985
15.7792
14.7728
13.7579
16.9226
10.6371
19.7428
16.5518
17.7227
17.0841
18.4101
17.0862
15.3985
15.858
13.5469
11.8705
12.375
15.0798
15.0967
11.7951
18.4512
17.9918
18.1501
19.1336
15.569
17.2941
13.9153
16.8146
15.5151
15.3317
14.5969
17.8891
18.1618
16.8512
19.3087
15.5261
13.3793
14.0681
14.8547
17.8354
18.8366
18.0674
17.2136
18.8161
12.8113
18.4832
13.2442
17.6539
14.5596
13.8636
17.1786
16.5807
19.418
15.8182
16.6914
15.2349
17.96
15.0991
14.4957
20.5819
17.5233
17.3331
16.8412
19.2257
16.0344
20.5195
18.2871
16.1295
13.9387
14.9167
16.1695
16.0351
16.7393
12.4276
11.9409
18.2036
16.5614
17.0882
18.1212
16.9826
22.0198
19.012
14.9974
16.7875
13.5465
17.7911
8.95511
16.7622
15.9572
17.3949
13.8779
15.2932
16.0953
17.817
14.8642
14.0709
20.1633
14.1194
12.6034
16.4816
12.9475
14.7403
15.3568
17.6855
17.8192
18.4305
16.9439
11.4678
14.955
17.5097
12.1808
14.8702
15.7597
17.5409
12.3948
20.4987
20.3869
15.6274
13.9159
15.6759
16.7584
20.5936
13.3594
17.1533
16.3417
17.84
11.7542
15.6151
16.5262
16.8516
14.7545
15.4311
16.2678
17.52
14.2195
14.9262
17.2436
14.5008
19.2834
15.196
15.6373
15.4335
16.7297
14.2043
16.0019
17.3216
17.0548
8.54228
17.846
10.1298
15.5552
15.5689
17.4913
17.271
17.0451
21.4478
19.1241
15.9
16.5679
11.7529
15.3722
23.1777
17.0727
17.3116
13.1144
9.86207
12.8085
20.4195
15.3435
17.5725
19.5675
14.6808
15.7068
16.4751
18.4444
11.9721
15.5376
18.6816
14.6319
16.9958
15.6164
15.7051
16.4323
15.2687
12.8559
18.1699
18.0255
9.78071
14.8695
16.0724
16.8618
11.5595
12.4043
16.1155
18.8404
16.2979
15.2031
18.4806
13.3866
17.2806
15.2669
10.3392
16.1076
22.4129
15.8569
9.01981
16.7149
15.4895
14.7987
16.0114
14.744
18.5692
16.5312
16.3947
14.6002
16.4867
14.6077
11.6835
16.5364
9.91841
17.6098
18.3357
13.4046
12.9296
17.0525
17.1
15.6506
15.5036
12.8096
17.6867
16.0542
15.9593
15.8821
16.2804
16.026
16.2815
13.1396
13.1949
18.6481
17.6062
15.7066
16.0029
12.2089
18.1159
12.0338
17.5126
17.7355
14.9979
11.8017
12.3297
12.4263
17.3206
14.2001
19.3076
18.055
9.94354
16.3508
15.1996
13.7393
15.293
15.317
16.8794
17.0381
18.9451
16.2099
15.4854
9.39701
15.9775
15.2882
11.1886
16.013
15.9752
20.8681
13.8959
16.1727
17.9354
17.5473
19.9557
16.1675
18.5647
17.5163
16.5888
11.7317
15.9059
11.473
18.4708
15.5752
19.4384
21.5291
14.2618
17.0284
16.4881
15.5344
19.7889
16.5203
13.974
15.4143
15.5442
12.0637
14.3587
16.0821
16.1918
18.2357
8.72495
13.9239
15.4635
18.4901
17.4245
16.939
12.9011
9.89441
13.9548
15.1429
16.9679
13.1442
13.4467
14.2381
18.061
15.3462
16.6851
14.1815
15.1786
18.5887
17.6595
16.2342
15.4823
15.9246
15.487
16.868
18.2464
15.9429
17.3017
16.0968
15.107
15.5671
14.343
16.1187
14.3382
11.2997
16.8586
14.4149
16.1869
17.5109
16.1453
13.4586
13.1542
19.7628
15.5174
20.8024
16.3993
16.3996
12.2296
14.5569
18.2644
14.4246
17.1523
21.6307
17.3827
16.659
14.4716
18.1836
17.2808
19.104
14.8186
13.0601
15.1305
13.2795
11.8186
16.6738
10.1479
19.0203
17.8066
12.7362
15.2859
14.3981
16.912
18.071
12.1118
15.431
14.1289
17.1749
16.7749
15.1303
16.1684
17.9551
19.5784
16.1528
16.6262
16.6824
18.3819
17.0212
14.9466
12.087
13.148
15.9395
13.7972
19.3744
13.7025
16.0215
17.2649
13.8634
17.38
8.90228
19.3338
14.7704
15.0851
17.7906
13.3838
15.969
18.6386
12.5979
17.5339
15.9057
15.4549
17.5146
15.5551
19.4075
15.6069
19.6773
17.7334
15.5646
15.7248
19.0766
15.9132
12.4472
16.9816
16.0681
20.2808
22.1571
17.6884
13.9293
14.2715
13.5991
10.6991
12.1121
17.7978
14.0351
13.8043
12.8062
17.1272
19.4609
16.0045
21.4549
12.579
16.7839
15.4194
15.2735
14.4629
18.1771
13.0281
16.1466
18.2946
18.1543
17.3005
12.7166
15.8671
14.5042
16.0952
18.3243
18.5639
15.0944
16.17
12.0122
20.1415
16.2615
15.401
16.4514
17.7583
17.549
16.6497
18.1723
17.2189
17.8597
17.9664
16.7194
19.0588
18.851
16.0768
18.1796
14.3639
17.1958
17.7384
16.3581
14.0425
16.2368
14.9234
17.2083
13.5493
13.0783
12.8753
16.8172
14.3279
17.2267
14.447
17.7748
18.0449
17.7101
16.8642
16.4511
18.2943
19.3584
12.3079
18.6092
14.4301
13.1312
16.8696
18.5414
17.5312
13.9027
15.1252
11.8124
19.4578
16.9602
17.5095
14.5055
16.2763
17.7777
16.0762
17.9178
16.1582
inf
17.995
11.7857
18.8818
16.0967
16.0881
15.9646
13.6594
13.9939
15.7214
16.583
19.868
14.9985
18.5069
16.1323
13.7477
15.7941
16.3865
20.1876
16.3042
15.7925
16.9372
15.6627
14.6444
18.8094
18.6891
16.6582
10.1725
14.5876
15.2037
18.853
16.167
17.5689
17.0824
18.2346
14.7154
12.9004
15.8451
9.77322
18.1064
19.2737
7.5117
19.9586
19.2305
15.604
14.4718
17.1504
13.3607
13.6031
17.2911
17.2979
16.3179
14.5168
15.4281
19.1559
16.6344
10.9431
19.031
15.5872
14.941
14.7126
16.1073
15.7278
10.5149
15.7463
15.1156
14.5492
16.898
16.3804
15.4001
15.8971
16.5827
18.2949
12.3467
17.6047
16.6077
16.8905
19.6689
13.7215
14.2598
13.8671
16.5156
17.504
18.8993
16.5716
15.4181
8.63018
10.7125
17.5314
16.4744
19.9536
10.9679
15.9718
14.4087
17.8721
16.0993
14.4688
16.4206
15.0025
13.1555
16.1824
18.1942
19.3354
15.8184
13.7328
13.4412
14.9121
15.8485
18.6184
13.3513
14.3158
12.6906
17.0412
18.9249
15.5304
17.0248
15.3347
16.2591
9.48907
17.9506
18.363
14.7965
15.712
15.7316
17.0688
18.3221
21.0892
15.4585
14.1685
20.5358
17.2746
16.5557
17.3895
12.8087
16.8508
17.291
14.4105
13.5061
14.4798
12.9472
17.5457
13.5284
15.7102
14.6297
14.6272
10.3866
14.3139
12.6579
10.7563
14.8931
19.5288
15.1622
18.8903
9.57565
12.707
14.9606
18.8186
14.8634
13.0087
15.4338
16.5404
15.045
15.1495
16.7035
18.3232
11.948
18.3121
14.1114
18.7701
14.4341
17.1573
15.9794
17.3991
15.1755
14.5176
17.8161
16.2316
15.827
16.6984
15.0147
16.9829
11.7316
14.9542
16.808
15.7723
13.1892
17.1249
10.896
12.8131
15.3249
15.661
15.9678
15.0363
18.9851
15.7411
14.9468
15.4095
17.0696
15.6854
16.6943
14.9755
12.3905
14.0711
14.6488
17.1381
19.6732
18.7159
15.9112
17.5223
18.5477
15.2315
16.3205
15.9979
16.6889
17.2074
18.8588
17.2852
15.0457
13.4936
15.6642
14.5471
17.2465
16.8259
18.5801
15.8479
11.3441
15.3959
7.50734
18.3143
14.451
16.8898
12.1777
13.9304
17.9714
13.4779
17.6226
19.1131
9.65984
14.855
15.0914
7.32771
18.6349
18.7714
18.1796
20.71
17.565
17.6211
18.9517
15.0715
12.7748
14.0816
16.703
17.9105
17.4079
15.7616
14.2221
16.9464
19.3253
13.7416
14.7352
14.803
18.9918
18.112
15.8602
15.7011
15.4082
17.1578
16.6728
16.9183
15.5716
13.3657
13.699
19.3842
18.309
15.2351
16.151
2.4102
16.3696
19.7377
18.9674
15.9722
10.3549
9.68221
15.9882
16.1408
16.933
14.5519
17.1311
15.9067
13.4095
17.5882
17.1845
14.7128
14.3881
17.4325
14.0841
19.3607
13.8565
20.2929
18.3539
16.36
13.2383
16.7801
18.4604
14.5156
15.7103
16.4019
13.4695
11.3307
14.2019
17.0279
19.5107
15.9953
19.5091
15.5512
13.2208
16.6298
19.4609
14.621
12.2969
16.8501
14.1068
15.0753
17.5904
17.2517
17.1074
15.2726
14.1018
19.276
14.9662
15.2588
11.0824
17.6571
14.4828
13.6132
16.8279
17.7101
15.1763
15.1647
16.996
9.80107
15.919
8.72762
18.1619
17.1076
16.2326
13.4216
14.3425
17.3822
12.9091
18.7085
10.2983
13.7793
19.1486
11.7308
13.0596
17.4987
17.9092
18.5791
13.8482
13.2076
14.069
16.578
18.3557
15.3157
17.1637
16.1193
15.8837
16.8525
15.9092
16.1965
17.2071
16.3784
19.2954
15.0998
16.946
17.0434
16.3534
17.3646
20.4173
14.7898
15.8387
16.9211
18.3286
10.873
17.9858
14.2478
16.4301
15.6835
13.6761
12.2334
13.4386
16.7286
15.9834
12.9732
17.3883
16.5758
12.2202
17.3202
18.1809
15.6311
20.2008
17.7481
17.2868
14.0034
16.9164
17.3224
14.0174
10.5661
11.9269
11.7754
15.0924
16.4442
18.6886
11.7204
22.0304
15.3059
17.1736
14.8146
16.94
14.4506
15.393
16.5934
14.8531
12.5867
16.3199
11.6234
14.7695
16.4046
15.4805
18.5142
17.0893
15.0381
15.6822
18.5402
10.6525
13.5828
16.185
15.6774
13.1019
16.7546
16.9422
14.7102
17.4954
14.3378
16.9105
10.3769
17.0964
14.9259
15.6257
17.6947
15.2474
18.5179
17.5652
18.3227
13.4176
16.5671
15.9595
14.9942
16.3867
15.3046
18.2136
15.9047
17.4448
18.9533
16.9025
17.3882
16.1899
18.015
17.8955
13.8584
18.0233
14.8845
14.3036
19.3544
18.3064
18.4368
16.0607
10.0229
22.6535
16.0487
17.9708
14.2386
12.1046
13.2954
9.31995
17.2269
17.3391
13.9095
16.8319
15.0636
13.078
18.3893
14.8092
12.9129
17.4347
15.9016
14.4371
13.4081
12.5346
16.758
19.2273
15.6789
14.5532
17.8867
13.4706
15.7355
18.0351
15.7578
11.0495
14.1311
16.2243
16
15.4757
14.8427
8.29672
15.6621
16.1118
15.3219
15.171
15.6589
15.4417
14.8198
15.8983
13.3803
13.3549
15.8875
12.5869
12.8304
16.0529
13.2138
15.7031
18.036
16.4451
18.8565
14.9554
17.9459
13.4384
12.5649
19.1476
18.7431
16.3767
13.9511
14.1074
16.1388
14.3595
14.6345
14.5217
18.9986
14.4689
10.6954
14.1054
20.0207
18.3768
15.5621
17.5641
15.2486
13.0403
15.7369
15.6744
12.7709
12.7156
15.2385
20.2959
13.0918
10.5803
13.7984
14.0825
13.783
13.0269
17.6033
14.9133
14.5654
18.0856
19.0557
17.2423
15.1587
15.2773
17.052
12.9114
14.9318
17.4152
13.8139
15.6244
22.19
20.9416
19.8846
15.5809
17.4888
13.7106
14.7041
17.3594
16.0784
19.0216
19.662
17.176
8.93449
16.9523
18.0467
10.6649
17.7835
15.5008
15.9847
13.7032
14.605
13.948
16.4395
16.7771
16.2207
18.1622
18.4123
16.0111
18.7072
13.8059
13.0814
10.2774
16.395
15.3985
11.8462
14.9272
13.6102
14.9218
19.486
17.2178
13.0087
17.604
16.9724
16.4492
13.9654
17.5265
12.7555
18.2909
16.5802
18.2743
14.8501
18.0902
12.2013
14.3124
13.8396
16.405
14.1571
16.0623
19.3546
15.2696
13.1772
16.3669
16.9558
16.8404
14.8398
17.3051
11.8004
18.5854
14.3371
16.3526
14.7957
16.1157
14.2951
14.9551
16.238
16.0514
14.2265
15.8322
14.4299
15.1681
13.3401
16.3944
17.572
14.6461
16.6754
16.3596
12.3521
19.0723
12.2418
15.1549
16.5951
19.0307
16.3788
8.78064
14.9465
15.6435
17.2221
18.22
11.3388
14.1466
14.755
22.898
16.4809
11.4824
18.0113
19.2403
15.2508
19.0883
17.0077
14.8993
17.354
15.6722
14.5975
17.0637
18.8064
12.3396
15.4157
18.076
15.6071
15.388
15.9415
13.4125
13.3556
19.4967
18.126
15.5307
15.4183
18.1929
16.4594
15.2728
16.9509
17.1364
12.7943
16.3806
18.6152
14.7144
17.5723
17.44
16.9492
15.1077
17.5777
16.7118
11.9823
15.45
16.1223
17.9747
16.0014
15.967
18.6013
11.9113
14.5588
16.1844
18.0472
18.0123
18.5074
16.5366
19.5481
15.0745
15.9326
13.4603
8.47335
16.7359
16.8959
16.642
13.0875
18.3825
15.9682
13.2873
17.5645
17.0281
17.8649
16.8087
16.6076
14.3522
13.9928
19.0603
17.4498
14.0861
17.4257
17.7725
16.9424
21.4116
17.1288
18.676
15.4323
19.207
12.617
10.4557
18.0436
17.3613
17.0359
14.2314
16.7144
17.3072
19.9406
18.6324
15.0673
14.9792
15.6333
16.6175
17.4941
14.706
15.527
18.2313
10.2368
17.3714
12.8491
14.9642
15.868
14.5194
17.7395
19.7679
13.7248
15.722
13.8352
14.6443
17.6685
13.6278
5.82525
12.3974
18.258
15.9856
19.1751
13.4479
20.3699
15.006
18.6452
16.6816
15.6454
12.6854
17.4292
15.8603
16.3278
15.0871
13.9286
12.4166
16.8652
19.7673
19.4239
15.103
13.7316
17.2233
16.717
16.3856
14.3849
16.8683
14.4577
17.4785
15.8941
15.3857
19.9926
15.9366
13.8833
19.2443
14.3913
15.8546
15.2796
15.7511
14.405
18.2778
9.86498
18.4956
14.1915
14.6286
12.3962
14.3434
16.8751
18.3098
15.181
19.6705
9.7518
15.0563
19.1754
15.4359
13.4059
8.39536
17.275
16.4893
13.2499
15.5606
16.4555
14.3338
17.1612
8.4705
16.7761
18.0549
17.6784
17.1364
17.3099
14.973
16.732
15.3799
16.4744
19.0758
15.0458
19.7903
15.1369
16.7301
16.8313
15.8853
16.8102
15.9683
13.164
15.386
16.5668
17.0386
16.0096
18.5424
17.0715
17.1933
18.0686
17.5574
13.83
19.5691
9.85272
11.8472
17.2373
14.93
17.4863
19.0562
14.148
16.9637
19.4354
13.0162
16.9962
11.6062
11.1933
16.5852
15.619
17.8299
10.611
16.4223
16.5207
16.6432
17.9714
13.7039
17.2416
11.2177
17.1477
13.1119
10.0527
13.3914
12.5251
18.7277
15.9408
15.8158
16.7352
18.2349
15.4075
17.4382
16.6986
12.7146
12.2497
16.3678
16.489
15.8745
19.5691
21.3514
18.1117
13.34
14.8755
15.7222
15.804
12.7371
17.0965
16.0476
20.7968
16.2593
19.8941
9.61019
15.3212
14.7632
18.1954
15.6487
18.6971
18.8977
16.5164
18.7717
20.1153
18.0631
13.529
13.361
17.8354
15.2412
19.7882
18.2507
13.6383
16.9402
15.8475
16.3125
16.1695
16.0791
14.9417
20.3211
15.7682
16.2028
17.8796
14.7535
17.722
18.2566
15.685
16.209
17.3664
19.9697
15.8646
15.0395
16.0758
14.2405
17.8659
17.9783
16.7552
12.269
11.9815
14.2594
16.1464
15.955
17.3334
14.6807
10.8452
15.0366
16.3129
15.6868
14.9486
15.8875
14.1304
14.04
17.8428
11.78
13.4075
12.4612
15.9168
14.6807
12.3085
18.8731
13.9669
14.0867
13.1056
20.4859
17.6393
18.4761
13.985
15.0779
14.5686
19.0796
14.4582
15.5678
20.0086
18.3322
15.4252
13.4589
17.5696
13.6745
18.0042
18.0155
19.2259
14.4264
15.9464
16.8382
17.5214
19.0083
18.3754
10.8191
16.5734
17.0237
8.41346
22.4816
11.9179
16.7742
16.2835
13.1413
12.9698
16.2472
15.4209
17.483
13.446
8.80976
16.4321
17.1293
17.7827
18.2111
16.8483
15.1801
12.2761
17.4274
17.577
14.6547
19.2311
18.5872
16.1495
17.0308
11.8937
20.7808
15.0393
13.8524
15.3975
13.7949
10.3847
16.6988
18.6193
12.2212
16.711
17.7615
16.2049
12.6842
12.09
20.4422
16.1212
15.1048
19.1567
12.3863
17.2874
18.6628
8.75751
17.3357
4.35197
16.8658
14.9965
15.6208
18.6448
15.8576
15.6168
14.8491
16.5248
11.5952
13.1352
17.4944
12.2809
18.2357
15.6276
12.9442
12.2338
18.4934
14.2963
20.8533
17.1685
11.5082
12.6361
14.7716
13.0791
16.6219
12.8419
15.8805
16.8185
16.8342
13.9729
15.2211
17.7402
15.4022
16.614
15.9335
16.4459
15.7273
15.4419
17.3897
13.3
15.6908
15.899
16.084
15.4302
18.2547
18.9828
20.236
21.9366
15.4575
20.5413
17.704
17.7642
13.9788
17.9896
19.6809
19.0223
18.9685
15.5363
16.3324
13.7523
18.0989
16.6751
14.8109
18.321
17.2405
16.9779
16.4516
15.5333
10.4198
18.8208
11.742
15.3923
14.5155
18.2872
16.4304
16.4595
17.711
16.8555
14.1972
15.6424
14.8663
10.7447
16.9221
16.6112
15.5054
15.5976
15.9248
16.1974
12.9683
18.0455
16.9862
17.778
13.4027
14.2888
15.1505
17.9903
19.3038
19.8103
17.2253
19.8715
20.5072
13.7904
21.2848
16.1458
14.1512
19.9282
16.1303
10.978
15.3482
16.4268
21.1744
17.84
15.9601
8.86146
17.2831
17.3085
13.6628
16.2041
17.705
17.0021
11.588
12.8979
19.3308
14.9839
17.3897
15.7218
17.8004
16.9608
13.5869
17.2866
15.6116
14.4484
16.1181
12.4912
18.1579
19.5032
12.0371
14.0581
15.2706
16.0993
14.9102
15.1492
16.8849
16.5705
11.4233
14.0346
16.893
15.8848
13.1032
15.7176
18.1451
15.7486
10.2042
12.2638
21.5903
17.4649
12.5648
14.0992
16.595
17.2109
16.8625
14.7135
18.9245
18.208
16.7352
16.0713
14.5714
17.4737
16.2554
15.0884
18.4507
20.5182
17.9847
14.5318
13.8645
17.3545
12.7192
19.5213
14.0072
16.7318
19.7979
15.1082
15.8081
13.7788
13.8143
17.9246
18.2435
19.4754
8.20507
13.1957
16.5265
13.3515
16.9974
8.96227
18.5808
14.026
16.9802
12.7835
15.4462
14.6602
17.6971
18.095
12.5538
7.4012
14.3918
16.1623
17.2225
14.4746
21.6547
16.5871
10.2473
14.1551
23.3495
22.0427
18.6098
17.6524
18.7036
18.4204
15.9788
15.5237
16.0533
15.8251
9.77442
17.2273
15.0179
15.9914
14.7072
17.2089
13.3923
13.5317
24.0558
14.0074
10.6016
17.3703
10.7045
19.6184
17.0873
10.7893
16.6906
17.7989
12.9389
21.1253
13.9336
12.8527
16.1578
15.6219
15.1411
16.6459
21.3384
15.9983
13.467
12.5003
15.5842
16.3648
11.8083
15.3326
12.6447
15.1597
16.317
11.6999
16.7994
13.3076
15.0828
13.1212
14.5081
13.4672
15.6921
13.631
14.5481
17.0901
19.3579
13.6934
16.6756
16.8917
16.7736
15.6957
14.8776
13.8111
13.8057
12.5764
11.3049
13.4178
13.735
21.5459
15.2292
15.1692
18.8903
19.1806
16.9355
13.751
14.4107
17.753
18.0784
19.0828
12.7872
14.6616
15.3183
16.4742
16.8863
16.2912
15.6334
16.068
16.5577
13.0538
17.8549
14.1345
14.5653
16.607
16.8301
16.7717
17.9914
13.5947
13.4079
10.2752
12.0881
14.9725
16.887
14.9766
16.7053
10.5284
18.3057
15.6989
16.379
16.1853
13.6877
15.6808
10.2006
15.3536
12.3865
16.992
16.6074
16.8013
16.5328
14.8859
15.2581
15.9708
16.9871
15.5076
13.9948
19.0605
11.0122
13.6588
16.6131
22.1214
20.1956
14.0142
14.3697
19.6259
17.1935
14.4002
15.5147
17.9139
17.374
15.2309
17.7033
13.891
18.8284
15.6701
19.1008
16.5811
19.2057
13.6774
18.5566
15.2311
12.34
16.4759
13.2762
17.0357
15.6906
15.8201
19.6405
14.6299
8.57505
16.0945
15.8842
18.1131
14.6809
16.6179
16.4921
17.224
14.0408
15.5494
14.6326
14.1848
18.8718
17.6003
18.4156
16.4022
13.8036
14.8875
13.7196
14.0247
5.65252
13.9051
15.4563
14.2322
16.6629
17.9271
17.8275
16.7405
15.9854
14.5874
17.7326
18.0279
15.8021
15.3496
20.0545
15.5399
15.5492
17.3273
14.3936
16.4951
16.5096
13.6971
14.1032
12.0665
18.533
16.4907
17.6665
20.5984
17.3681
12.6716
18.1337
16.4284
10.2159
18.1335
18.4121
16.6941
13.8386
16.7691
18.0103
17.9833
17.597
16.3574
16.4111
14.9011
17.748
15.8705
16.5699
18.9149
15.6009
16.3838
18.5321
17.3628
17.2255
15.4745
16.1129
13.3582
17.9969
15.4939
16.4993
14.7828
15.8177
14.6411
17.6834
17.7701
15.6266
15.2797
14.7288
17.8579
16.3793
15.8012
17.3458
15.3691
14.1456
15.028
16.8984
16.1567
13.8432
15.8053
15.5776
17.1904
14.3846
19.278
15.4703
16.5589
14.2834
12.0822
12.9794
17.6544
18.5364
12.9979
17.405
16.2277
11.6626
15.3021
15.6808
15.2423
13.721
14.7217
19.0528
17.461
15.4437
14.7749
15.0772
17.2693
15.4013
16.5934
16.8074
21.2767
16.7636
17.0214
18.6163
15.1476
13.0246
17.2289
11.654
17.6738
16.9606
15.0609
17.692
16.254
12.6286
17.0573
17.1427
13.0552
18.4159
16.8944
20.2995
16.7513
18.4868
19.1997
15.282
15.4874
13.9163
16.1831
16.9362
18.3959
12.9208
13.6232
13.3317
17.1984
19.735
16.9327
15.1906
18.662
20.02
18.6122
17.3749
13.5613
16.5417
16.4354
16.603
20.1288
16.0324
15.1335
18.2447
18.4506
11.8402
16.2673
17.8994
20.6096
14.5645
16.1982
14.9404
18.0496
16.0574
14.0435
18.6651
11.5132
18.0014
16.4259
16.7339
19.0013
15.8625
16.1136
17.8196
16.4786
13.3392
18.6995
18.2274
12.1225
12.9445
18.2013
20.2928
12.8309
13.1123
14.8713
16.5712
15.1997
15.3496
15.2032
18.6926
14.1449
12.0353
16.3935
18.7319
12.8165
17.9351
17.7047
16.6284
14.632
16.071
17.3001
17.6968
13.9904
16.1086
18.5408
15.8542
14.7296
14.5683
16.8678
16.0672
16.5766
14.3758
18.0702
21.0168
16.1963
16.9163
14.5991
17.083
17.4922
16.5191
18.634
17.8421
17.7424
16.579
19.2135
12.5956
16.827
13.0566
16.8427
18.5493
13.3198
11.9977
9.76785
10.1135
15.6336
13.9377
20.399
14.6177
16.8955
16.815
13.6493
17.5345
16.1698
17.4346
15.6105
20.6977
14.0831
13.3138
11.8898
15.3417
22.1873
15.3561
16.0439
15.9857
17.4756
15.4666
17.0583
13.6898
17.0743
13.7103
13.9726
14.8417
18.976
15.324
10.0536
12.4018
16.4624
17.1067
13.6755
16.1882
19.5339
16.0198
15.8452
17.4597
20.7763
15.3639
16.4429
13.9725
16.081
17.2082
15.3044
17.6753
13.1637
16.4142
13.2622
20.7347
22.6877
17.0532
17.2836
15.1565
12.5686
7.52793
16.5048
15.185
14.7808
16.6002
13.7968
18.2896
16.6309
16.5703
15.4849
17.6893
17.6756
17.652
16.4335
19.6019
14.2739
17.0326
18.1701
16.7952
15.1481
15.2464
16.4784
12.6564
16.4375
14.7844
17.2345
16.3695
10.4774
16.3006
17.5943
14.5435
17.3313
17.7698
14.2773
18.508
17.2626
11.8199
17.1249
15.2332
15.0398
16.7867
15.498
16.9668
12.9245
16.762
15.032
16.8417
16.8321
16.1635
16.2208
14.0317
17.3004
13.8206
16.0057
12.9509
18.7486
17.4264
17.5447
17.6614
17.5746
13.142
15.6844
16.7867
16.1157
15.2151
17.7571
14.6163
18.3944
20.4163
20.1322
9.98048
15.0164
17.3444
14.291
15.9153
12.516
15.7121
16.9585
17.0547
7.02963
16.8728
17.6093
17.6768
14.8597
17.0479
19.4921
14.409
14.5293
15.0363
23.6165
18.4282
13.8683
16.4132
13.9968
16.3807
19.0303
13.001
19.7954
17.2035
16.7375
13.5905
17.464
21.4351
17.1704
12.8705
16.2967
17.6545
16.405
16.5911
21.3216
15.1391
16.3096
9.54584
18.3295
17.0268
20.5938
14.9782
15.3244
12.8259
16.0005
17.4891
15.8217
15.0804
15.5516
13.3546
14.4478
14.6389
20.2604
15.181
16.826
10.675
16.5443
15.3589
17.7498
13.5047
16.0127
13.7223
8.01705
17.8782
15.8671
14.7482
15.9065
14.4133
17.9895
14.9846
14.5266
15.975
14.9411
16.0363
15.7452
15.5249
16.8536
16.5036
16.2181
8.48309
16.121
12.4005
14.3135
17.4885
14.3927
17.5198
17.4425
16.2326
18.5724
14.231
18.1702
18.3916
15.2662
18.1808
16.1318
16.86
10.2986
19.2037
10.4569
10.1789
12.8532
17.4894
13.1809
16.2414
18.051
18.3928
15.817
15.3521
15.2435
15.5714
19.5721
16.1615
14.271
19.675
10.0893
18.7211
10.5076
14.6522
15.4258
17.2394
17.876
17.2883
17.9766
14.5868
16.8303
13.9879
19.0836
16.9829
12.1673
13.8154
18.8171
15.4528
18.5664
20.0812
14.995
16.0173
16.0921
15.0648
17.8831
16.9835
17.165
12.9777
18.5485
16.8834
18.5248
13.5451
18.8662
15.5594
18.3455
15.6983
16.017
12.3258
10.9107
14.5775
16.4941
15.7094
16.414
13.0488
11.0289
11.1583
13.6832
16.8153
18.5487
15.8847
17.339
13.8498
14.7635
18.5808
15.8985
10.3009
13.4103
18.8543
13.9817
14.8767
15.2569
17.4603
14.5972
16.767
14.7658
17.3966
19.2601
16.4684
14.3341
16.5447
14.9022
16.1274
17.3188
14.9899
15.5517
17.7794
15.5627
15.7382
16.5772
13.326
17.5917
16.058
15.3781
14.445
12.4988
18.2249
14.4761
15.238
17.637
15.0752
16.1726
17.7146
14.3025
16.8514
15.1087
14.2599
15.648
14.7538
18.2739
11.651
13.1288
15.9035
17.4916
14.6195
16.418
13.5867
7.69238
11.3369
18.1185
16.8365
18.7622
18.5936
19.5173
18.3365
16.9223
17.4793
15.1688
12.6513
16.5874
13.3795
17.4441
16.9005
14.3921
19.058
13.1384
18.0757
10.5482
17.925
12.2808
16.0947
15.003
16.8184
17.5348
16.2678
16.3137
15.8002
15.1717
15.9142
16.8882
12.9487
11.4474
15.4409
13.3015
18.7601
16.19
18.1713
13.9881
16.2251
12.6695
16.9328
15.7765
16.5771
12.9304
15.0437
16.4738
16.5281
12.9944
15.6837
14.7227
16.3457
14.7603
17.4821
16.5271
13.347
14.9582
14.4473
16.7862
15.2467
17.5623
19.1171
18.1309
19.6232
14.2623
15.7429
11.2969
22.0481
16.0801
13.8396
15.9084
12.0876
17.7992
18.1203
16.1888
16.7065
16.6803
16.5932
17.6005
17.4861
15.1962
13.9183
17.6442
16.9206
14.1162
16.3427
16.0803
12.7163
17.5269
16.8076
16.5196
14.8305
16.4764
16.4632
16.4428
22.6447
11.3976
17.354
18.7124
16.4685
16.1784
19.1365
14.2621
12.3402
16.6369
18.4966
16.4035
18.5213
13.9767
17.0899
13.8968
17.1233
13.1116
15.7363
15.6907
19.9412
13.9198
16.3943
15.0419
13.9964
21.7564
14.7859
15.3396
16.9572
21.1675
16.8568
16.4267
15.2505
17.9694
14.4678
17.0903
18.9553
15.7554
14.3644
16.3236
17.2558
14.9428
18.6756
16.4069
14.97
9.94705
16.5871
16.4816
17.57
15.4187
13.5769
15.3416
18.7418
16.1472
16.4132
14.0977
18.4919
13.185
15.6564
17.2287
18.5116
23.7271
15.8614
16.6987
11.2798
16.8795
13.1117
16.8962
15.1226
20.4999
11.6849
17.0514
14.9631
14.3142
18.3352
17.1547
19.4476
16.287
12.6627
15.2244
15.1301
15.6706
19.3623
13.5776
16.6923
16.896
18.2641
16.5829
16.1748
15.7309
15.5742
17.8878
16.8168
17.7486
17.3614
15.7722
18.6013
23.0553
15.3492
17.3807
17.5123
14.2091
16.0823
15.9133
13.716
11.3682
14.6361
15.426
15.2241
12.1039
17.8328
17.2896
17.2758
19.0868
17.1892
12.564
17.2589
19.5037
16.667
14.2057
17.2844
14.1796
13.9552
15.8687
13.9638
11.8645
14.303
12.6533
16.3861
15.3753
18.6879
17.2764
16.0257
15.2631
15.7618
14.6341
15.1945
15.5347
15.1939
15.8014
14.5716
17.5399
16.0728
17.1505
15.2879
14.0756
18.396
16.1375
16.3271
17.2037
12.9767
12.0159
19.1081
15.3277
19.079
15.4217
14.5414
15.5656
18.1129
15.5207
14.4543
14.9247
15.951
18.8525
15.1231
14.9835
12.8825
19.8895
16.5576
16.1736
12.9641
18.503
18.4324
15.6567
21.0146
14.9696
22.363
12.6049
18.617
14.7102
15.5424
18.0147
15.1274
16.8838
19.6174
13.2729
14.926
16.6324
14.0827
19.9149
17.3256
18.618
15.5233
15.9859
16.1338
15.7653
14.4618
14.5329
13.1032
17.9144
15.2404
11.0716
16.9117
16.1154
17.2236
13.6491
18.9508
19.0103
16.003
14.3953
13.3295
17.3336
14.2923
13.4446
13.5809
19.6802
12.2229
16.9077
15.9326
14.4691
16.5657
19.5141
15.4613
15.4549
14.519
18.9294
13.5951
15.1979
18.3394
13.0971
17.3918
17.9624
19.4063
16.796
14.0292
12.6941
15.9998
16.6736
13.5158
17.3581
21.0896
13.7859
14.0766
15.4258
15.7763
11.2227
15.741
17.9743
16.3378
15.0869
17.3806
17.946
18.3894
12.1917
10.9899
16.0343
17.7637
18.3572
16.5575
19.2376
18.4941
15.4044
20.0085
18.276
14.3366
14.0068
15.5286
14.2268
18.7616
15.9407
18.6877
18.0291
17.6474
14.932
16.6474
16.1352
15.3756
14.6412
12.7731
18.0923
11.8066
15.3345
13.2845
16.7129
15.0621
17.1222
12.5257
16.7446
13.6483
19.7331
17.7762
16.7079
17.6862
17.4635
15.7163
18.0613
17.0346
18.3982
18.2606
8.69771
17.5208
13.4029
17.3377
16.5479
14.9797
15.117
13.6849
16.6134
16.9089
16.4762
18.183
19.8143
17.4499
16.5007
19.4936
11.1084
15.7488
15.7299
13.5145
13.8355
21.8588
14.7318
19.9347
15.3984
17.1602
16.7267
15.4144
19.1784
13.4075
19.709
16.6668
12.6895
14.5846
13.9187
13.7945
16.7851
13.5954
13.2286
15.2761
9.50349
17.0992
18.2409
16.3218
13.7322
16.3611
11.9311
16.2002
16.1369
15.1744
13.19
13.6187
14.755
21.3208
12.5072
14.2262
13.9911
15.3394
13.759
21.9998
16.6212
16.5938
15.6318
15.007
14.1715
14.6472
14.298
18.0069
12.7307
11.9684
16.5896
15.244
8.83377
16.3253
18.6291
16.4449
15.9837
17.3423
13.6659
17.4321
16.4314
12.836
17.2535
16.076
16.4817
15.4653
14.2292
16.0652
12.6322
14.7831
25.3141
13.3584
12.8543
17.1828
17.5047
16.0732
13.2866
16.4187
17.4441
16.7259
12.7713
16.8742
14.6456
16.6818
14.8275
15.435
7.29317
9.2413
15.6025
11.6612
17.4032
8.43299
17.0801
16.5634
14.8951
16.7858
14.3578
15.2062
14.8703
17.546
14.4196
16.2825
16.8089
17.3998
14.0583
13.719
19.7068
14.7727
15.3615
8.90624
17.0473
18.0888
13.8985
18.3523
16.3926
17.0626
12.7677
15.4317
15.2753
18.7983
15.2318
14.7639
17.0847
16.9654
13.6646
18.1966
17.1476
16.0053
16.3216
18.7519
15.9603
13.6059
11.9372
16.82
17.4472
13.1631
18.3478
16.0983
7.46288
20.9776
13.4777
15.5313
16.1594
12.0649
14.1339
15.7781
16.079
15.4939
17.7796
15.0179
16.1977
15.3935
15.4154
18.5588
12.4193
16.3107
15.4758
13.7542
17.9206
18.6811
18.6647
10.1829
18.4769
18.0876
15.5272
14.6873
17.6511
15.2546
16.559
16.5499
14.1305
19.0009
19.9552
20.3625
17.1243
16.2096
12.4171
19.0865
15.4389
15.4328
18.0624
15.0911
12.7389
16.7428
12.8321
11.7887
13.4722
19.6216
11.2979
15.6663
18.0089
14.2897
14.7497
18.4625
17.3824
16.3153
11.3692
17.1231
14.667
13.4769
15.4184
18.9129
18.9956
14.3997
15.336
14.1954
13.7456
14.5443
18.7958
19.4923
21.2404
17.3963
15.0745
15.0473
15.2252
15.7743
12.0324
9.1604
14.812
18.7051
17.0856
17.5013
13.3228
19.5963
17.7393
16.4906
11.4516
15.3067
19.2094
9.72741
14.866
16.811
18.6905
17.926
14.7946
11.7217
16.8352
13.7312
14.9517
17.7884
18.8694
16.3989
19.467
18.1569
16.5206
15.1058
16.3051
14.3512
16.2416
16.6175
13.4697
15.6729
15.3727
16.1641
12.7256
18.6631
16.2534
14.6437
14.1918
16.1868
13.4803
16.4196
16.2595
19.787
16.8367
14.3239
17.2252
15.8744
17.2157
15.9281
13.9088
12.994
16.5827
18.3322
17.5598
18.358
13.5912
10.4837
12.0532
16.5232
23.3103
12.5522
16.3554
13.5154
17.07
16.5197
9.88018
17.1982
11.4308
16.7181
19.1157
16.4889
18.3959
14.3809
15.6112
18.4912
14.5856
17.0418
16.9049
16.7216
19.0774
13.9247
19.0581
14.217
14.7111
17.5399
15.9607
15.4773
14.6624
13.2918
15.5021
16.1471
15.5624
16.9161
17.1757
19.1191
16.5149
17.5519
13.5309
16.0629
16.9982
17.2629
17.1578
14.902
13.8476
17.1586
17.4715
13.9953
16.9129
18.9321
15.1357
14.1411
16.759
16.4296
10.133
9.63219
15.3125
16.7312
20.09
16.6631
10.2091
16.7241
12.2624
12.2145
13.4236
13.9503
14.7616
14.205
15.944
13.667
14.6622
16.8584
13.48
12.6527
13.1118
17.8679
17.8586
14.5069
14.3257
16.0242
15.7457
18.3603
15.1965
14.8028
14.6015
16.3483
19.2859
17.0618
15.211
18.2459
16.5601
13.8408
11.9125
15.1038
13.8901
15.9875
15.54
14.815
16.7968
17.3539
17.0241
11.8466
18.5312
14.1658
17.6034
12.297
12.8939
14.3993
17.0736
15.9478
15.1437
13.1535
19.8738
15.9025
14.2773
19.7952
16.2428
22.7778
18.1303
19.8458
15.83
18.4291
13.6776
19.6206
16.5579
16.132
13.0958
14.7551
18.7907
18.3278
18.7375
17.2611
10.9927
19.0714
21.8662
13.2833
13.5379
18.9185
12.4898
17.1129
15.0475
17.0863
17.1961
17.0191
18.7704
16.4738
8.4111
15.423
17.1006
17.5978
15.1259
10.2522
17.4281
14.7772
18.1484
16.568
14.1893
20.2758
18.7056
16.4052
20.0258
21.5324
15.4969
6.3441
14.5467
12.9864
8.10989
19.3928
16.6081
18.7554
14.7132
17.1167
16.1466
24.1899
17.0597
16.9646
15.2511
14.0448
14.2669
15.272
18.335
16.6388
17.1671
17.5168
14.9757
13.6336
9.99399
14.2894
11.7924
15.6169
18.7889
14.7195
13.3999
17.4122
19.6955
13.82
15.3973
15.2908
14.8105
11.0993
16.97
13.2997
14.8534
15.2535
15.0839
17.4063
15.0064
14.1667
16.2481
14.4291
15.8675
16.5371
16.2606
16.8265
17.2523
11.2168
12.7219
20.2171
13.5322
13.0442
14.7703
14.6345
14.0176
16.2454
16.8881
11.4971
14.987
16.0284
12.101
17.6012
15.763
11.8323
16.8908
14.1434
20.136
18.4125
14.7292
18.5958
18.3117
16.417
14.7287
4.93355
14.8655
20.7426
15.6391
9.61382
18.0848
12.6071
16.2265
15.4227
17.6823
15.597
13.8502
11.0447
16.2954
14.011
16.0278
12.495
13.8405
15.0095
15.2243
15.1387
19.1514
16.0682
17.0992
19.1542
16.1182
11.8333
14.3195
15.991
16.1344
17.3034
15.3243
19.1877
16.4775
13.4874
17.0083
11.6476
14.4811
13.6936
18.533
12.9862
15.6426
16.5022
18.019
17.6943
16.3579
19.5474
13.1066
14.1556
18.2589
16.6518
17.2161
18.4584
17.7513
12.9066
13.6056
15.0879
16.1641
18.0141
14.0375
17.5495
14.8829
18.314
15.6407
16.8739
16.5432
11.1275
17.1062
15.2751
16.2155
16.601
15.0544
13.5773
15.4811
18.6111
14.865
17.2314
16.7479
16.4729
16.6061
16.6695
16.0158
17.6806
16.1627
17.6882
11.4929
18.2852
15.4729
15.9391
15.7883
16.2777
17.8115
17.5581
16.9922
15.8237
15.3837
15.9441
14.7382
16.4443
15.2009
15.0245
19.3987
15.4978
18.5408
13.5378
16.265
17.9282
14.2655
18.5812
15.9696
12.9154
18.8124
12.4665
16.0412
8.35432
15.8704
16.3548
18.4668
16.4746
15.8031
13.9018
14.3465
18.8874
17.3108
15.6694
16.469
15.896
17.4386
15.7805
12.7744
16.5471
17.7839
11.8077
14.349
14.0131
19.0959
17.5346
14.4871
17.9021
12.0718
12.4239
16.5001
16.8988
19.4883
18.0345
15.2037
15.5821
14.576
16.2812
15.0757
12.5888
13.7663
14.2422
9.13273
12.8309
16.5247
16.1357
14.2059
16.8893
14.8228
16.5807
15.2061
16.3477
18.5013
16.7873
14.845
18.2445
13.7228
19.0633
19.178
16.3703
16.8535
18.1752
13.746
14.8025
14.9698
16.7244
15.9227
17.1653
16.8447
17.1093
16.0976
17.5951
12.042
14.5164
16.524
17.2565
17.7665
16.0005
10.5622
18.742
15.2422
18.6224
14.0067
16.4294
16.0536
18.3854
18.5664
12.9453
17.8023
17.3758
14.8871
16.4548
19.5264
15.5174
14.4084
15.5518
5.78588
8.83996
18.684
18.1091
18.0929
9.03352
13.0573
16.2902
13.4354
18.7382
11.9727
15.4636
20.8088
15.8473
15.714
13.42
19.3307
16.9476
19.669
15.8191
17.1712
15.238
14.0825
14.1244
9.24895
17.9013
16.0833
15.0477
17.8604
19.0054
14.9038
19.3123
19.0315
12.4328
14.3869
13.2938
9.79713
16.0428
15.5704
16.8535
15.6811
12.5882
15.1068
16.2686
16.9928
18.3247
19.8023
16.4789
17.3993
14.4672
13.1741
13.9716
17.055
22.7827
12.8012
17.2995
15.3843
17.2288
17.4458
15.3093
16.5013
15.7911
17.2389
16.4651
18.7383
11.8754
16.1613
15.7595
15.437
18.7714
15.6251
16.7805
17.7419
18.8396
12.7689
15.7945
11.7482
13.93
16.0411
15.6653
13.9596
15.9477
19.3121
19.3409
12.0403
16.9705
14.9644
16.0575
15.2502
11.8603
15.1718
16.7978
16.3277
17.2424
20.197
11.6148
13.4509
14.2941
18.6105
13.273
18.2154
16.8733
12.0781
16.1313
13.221
16.7269
16.1499
13.6862
12.32
14.4422
17.8923
12.0124
14.0467
18.8457
16.647
13.1779
16.71
13.5617
17.9412
16.9246
20.4463
15.0856
15.8404
15.6485
15.8601
15.0202
12.7366
15.8353
17.2673
17.198
16.401
15.8852
17.3664
18.5863
17.3811
16.2492
19.9681
13.2212
18.7888
15.6331
15.4725
16.2611
13.736
18.3538
18.1973
14.4824
16.2549
18.4643
15.521
16.3322
11.664
16.4496
17.3958
12.7339
15.6462
17.6931
14.3841
13.4362
15.9949
12.0963
18.0959
18.0403
14.6445
17.113
14.4345
17.7175
11.3475
13.5498
16.3448
15.063
17.2185
14.0615
14.635
18.158
18.5222
14.1248
18.5654
11.3593
12.6736
16.6933
17.9645
19.3322
18.8677
13.1067
14.2012
12.6492
16.8758
11.8822
16.1938
17.8699
18.1219
16.6853
12.6505
14.7351
14.648
16.3414
14.7724
12.3394
15.9933
11.1705
18.9963
16.6497
13.5971
14.8557
18.1169
15.9621
14.1293
17.4125
10.5491
14.2335
14.0133
13.5673
14.8933
17.9709
15.2127
16.946
18.8436
19.1706
15.9572
16.6957
15.977
17.8313
15.0159
16.1753
18.6827
15.0073
13.2575
14.6657
15.7995
17.4278
17.8204
17.5956
16.7591
15.0508
7.51937
17.1812
13.1241
19.2302
18.1688
22.3427
11.7528
14.1599
8.82335
13.6352
16.9991
14.4732
12.8973
16.269
6.66988
15.2833
11.6554
12.035
15.3295
13.837
16.41
16.0071
16.9197
15.805
17.7662
16.1611
15.1379
16.5427
16.7624
17.434
16.9443
20.3515
18.874
14.2193
19.221
10.4513
16.455
15.8377
16.9768
13.1107
17.4528
16.2916
17.475
12.9362
14.1926
13.997
13.1797
17.6402
17.1398
10.3493
17.8169
15.1226
16.7971
17.0788
17.8487
17.0297
18.951
18.1883
16.0609
15.2053
15.9359
18.5967
17.2446
14.5205
12.0542
16.5093
19.3425
19.804
12.559
12.3
16.3089
13.2112
16.5501
17.4183
19.1395
16.3966
11.9258
16.4686
18.9888
17.7052
18.9028
11.256
15.6163
12.2173
17.7315
13.8514
13.3632
11.1788
13.8375
13.4436
17.8174
12.2336
18.2075
16.7115
15.7982
13.5376
18.9633
14.3193
17.2581
14.1454
11.9836
18.3323
13.9945
18.4505
18.0474
14.9822
16.517
17.8384
15.411
13.7738
8.69569
13.2489
15.1892
15.9696
14.6038
16.7443
14.5509
15.7761
13.274
14.3039
11.3435
14.2523
19.8157
16.0671
21.0423
17.3535
16.8323
15.5058
20.174
14.6827
17.4733
12.7967
14.4139
11.5463
15.2538
17.0147
12.6452
17.8333
18.7343
14.2727
13.2416
17.9986
11.328
12.5557
16.5031
15.5827
18.5596
15.527
13.7439
16.2684
15.4895
13.2696
12.547
16.9569
14.034
15.2937
17.024
19.1166
16.0949
14.8033
17.9543
16.7397
16.7223
16.5771
14.1068
13.8608
15.4168
9.35865
17.9307
18.2043
19.2294
10.9504
15.3016
20.2951
20.6748
17.1829
14.7393
14.259
15.0982
9.48085
19.7186
18.5819
15.6827
17.6586
15.3842
14.8133
16.1317
17.5348
16.0479
17.2721
15.3401
13.9858
19.7187
12.381
19.3945
19.5934
14.216
15.2703
14.1654
9.58037
18.7135
18.7427
14.1238
11.5145
13.86
18.7986
18.2914
16.7396
21.3823
16.6374
8.25202
14.9399
19.1435
18.6405
15.0761
14.9576
16.3074
12.384
18.0897
14.1736
16.762
18.8772
16.2466
14.6091
13.4039
14.0268
14.966
17.9461
17.7641
16.6785
16.378
18.2696
15.989
20.0852
13.4328
17.0602
15.3506
15.6181
13.2997
17.7756
16.4161
11.7154
15.6955
16.8783
13.1723
18.3864
15.1629
10.194
15.4543
17.7165
17.7394
14.6502
15.4131
11.6808
16.1602
15.121
14.0623
16.6307
16.6517
14.6665
17.5334
15.4441
16.4195
16.1251
15.7626
11.2093
16.8963
15.467
16.1852
18.8118
19.3573
16.2749
17.8041
13.9134
18.1014
18.5175
12.8078
16.1077
14.6771
12.7582
14.6752
14.0204
16.6678
15.0234
14.4875
19.2211
16.3407
17.3532
15.7159
14.4691
13.8222
18.9459
18.4687
15.4886
13.1269
16.339
15.6079
14.302
14.6789
16.147
10.3691
10.8576
15.7626
18.4924
17.1183
17.5833
13.1856
14.3329
14.9515
18.93
16.2544
20.8357
14.3427
15.1338
17.7154
15.7952
15.0716
17.0261
14.6104
14.1713
19.5133
15.0279
17.6863
15.9001
15.2483
17.035
14.6211
14.0858
12.7028
16.6205
17.3434
18.4902
15.8612
16.164
18.2578
18.9552
20.2856
9.79054
17.3327
15.8775
18.1434
16.4088
11.8437
16.6456
17.1152
19.2844
15.7729
15.6134
14.6976
17.9269
13.0438
17.4032
16.0691
20.4078
9.61421
17.1473
16.1951
17.0501
15.0641
19.8065
19.5508
15.5618
13.8344
6.31871
18.0293
17.6607
18.4325
18.6413
15.649
8.3103
13.8001
16.5932
18.9057
17.4387
15.3994
15.7911
17.5442
13.8818
15.7808
17.3806
16.4431
15.7983
18.5825
15.2272
16.8096
17.778
19.0469
17.1999
12.3474
15.1986
17.5514
17.3146
12.0605
18.2841
18.8379
13.8808
16.4424
17.9353
15.0161
17.3701
17.8846
16.4931
14.5715
18.2712
13.3572
16.7722
12.5786
15.1142
17.1341
16.6523
12.6373
18.0054
7.75868
15.3166
16.5264
16.6046
17.7626
16.7802
17.2146
19.0897
5.58035
18.9837
16.5915
14.9602
14.4755
17.0967
15.2784
9.47582
13.3172
18.7831
16.1185
15.5531
15.6309
19.7805
17.8158
17.5383
17.0073
12.0877
16.0015
15.4525
12.9989
17.4994
7.66047
15.8414
18.6231
18.3582
17.0968
15.9291
12.0609
16.511
15.7738
15.246
13.2712
15.7853
15.373
14.9344
15.9543
14.6244
14.6579
16.2758
18.9539
14.7383
20.6885
14.7852
17.9594
13.164
15.757
13.5322
16.6129
13.4685
17.046
17.2942
16.0862
13.3656
13.3793
16.944
11.8535
16.6062
17.1394
16.598
14.2783
14.8166
16.1933
16.5642
18.7563
14.6799
13.9697
16.3531
16.854
13.8773
17.2689
11.8058
18.556
11.1686
17.4922
15.0825
17.7737
16.2258
16.499
17.8279
17.7293
17.8193
17.3447
17.3726
16.8819
14.2959
14.8262
15.6944
14.1771
15.1062
17.5037
16.2835
13.7787
15.6352
14.4073
16.0788
18.1684
16.161
12.5107
16.9844
21.143
12.0477
16.6359
16.8903
15.0259
10.4893
16.2705
15.3343
17.5277
15.7311
16.0323
18.4729
17.1748
17.5708
18.3044
14.7957
14.4408
13.1797
14.606
16.1258
15.655
17.368
18.0146
12.5798
12.5415
15.5484
17.3085
17.8207
18.0886
14.3878
15.2605
14.8306
16.7468
16.3683
17.5049
14.5215
17.6149
20.2135
19.069
15.8648
14.0907
15.1308
13.5155
18.0482
14.6768
16.6449
14.696
15.9057
16.5715
15.3629
13.5492
18.2913
12.7719
16.2638
13.9306
12.7477
15.7784
15.3981
15.5905
15.2833
16.5667
11.1972
17.2664
21.6859
17.0682
13.4696
15.6091
18.7108
12.4441
8.2099
17.2838
20.4119
20.0931
18.5622
17.5243
16.4747
17.6272
17.0623
14.0242
15.9981
17.603
14.0288
15.4224
16.2064
11.1613
16.1564
16.359
17.4756
16.6539
14.6728
16.0252
13.0512
17.7748
17.2002
15.7303
14.3024
13.7425
16.9382
16.3338
18.8134
15.9096
18.0304
9.46843
16.6755
17.6349
19.5342
18.346
14.9297
15.7685
10.8892
16.9108
14.7489
17.7882
15.7646
14.9366
17.3006
12.2705
13.7306
15.9846
15.6095
19.3398
14.1813
17.3568
18.2666
18.9423
12.6666
16.2636
16.8174
15.7957
16.6112
17.2936
15.0189
17.9353
15.1615
18.6803
9.75901
17.1757
15.3725
15.4883
14.6378
16.9657
10.7022
16.4972
18.0445
10.022
16.7729
14.8308
12.7882
16.1368
15.3849
12.3262
19.1624
19.0262
19.1114
12.5837
11.117
18.8302
17.785
17.8979
17.3908
9.9011
16.0325
14.5244
16.173
15.5958
18.0706
10.0639
17.3732
16.3264
3.8186
16.0139
15.9038
13.241
9.15686
17.9025
13.1379
17.3687
17.3605
20.2749
18.9928
15.0464
16.0369
15.5952
18.7366
17.5003
16.788
16.1397
16.0435
16.0076
15.3879
16.1641
18.7578
16.7428
17.3466
17.9893
16.8569
12.0891
17.7555
15.782
14.2229
14.3132
17.3221
13.0109
11.9228
17.0495
14.3373
15.7267
22.5435
15.3528
14.4157
16.6732
15.3304
17.2508
16.9635
16.8424
16.4068
16.353
16.8685
17.5761
16.6517
14.4306
17.5836
15.9314
17.1798
15.8869
17.8779
13.2893
15.4471
16.5579
17.4797
19.942
19.0497
12.3202
17.8912
15.2894
18.356
15.1668
16.597
14.6134
13.7986
16.6658
16.0262
18.4264
20.239
14.9267
15.5749
16.3317
17.8367
15.1521
15.879
18.1219
16.1755
17.0992
16.7871
15.1628
9.96464
12.5516
15.8304
20.8203
17.4512
15.4261
12.7158
13.1009
15.5683
15.0393
15.1817
15.3545
15.2988
17.9788
17.8172
16.9926
15.2315
17.8707
16.0222
16.6006
16.4963
17.6027
12.3887
18.1924
15.083
11.3613
17.2202
15.0729
11.9265
16.059
20.3176
17.1504
15.4761
16.6642
19.5892
13.5019
17.8767
16.4337
19.8753
12.2259
19.7491
19.5576
16.5419
18.5694
18.1841
9.10262
9.66211
15.1058
16.1623
15.4146
16.0493
15.9068
17.3606
16.6776
18.0876
16.5493
16.2676
16.6435
14.6728
13.1205
16.2785
17.1889
16.1932
14.8364
17.6922
10.3334
16.1759
15.4711
15.1236
16.7981
13.2697
16.0614
16.3404
16.5817
15.0221
17.5413
18.189
16.676
15.0227
12.4713
16.4952
15.4913
12.5099
14.5449
20.2574
15.9057
14.634
18.3969
14.3491
15.4509
17.4327
12.8692
16.8693
12.9909
18.5654
16.7277
11.4933
16.5643
13.7611
16.7528
17.3767
8.80462
17.1579
16.6322
16.4343
19.3918
13.4934
16.878
13.4452
13.3291
15.5799
10.3336
3.60747
17.87
15.3852
10.3724
18.4809
14.3917
15.6206
18.6824
13.2691
19.826
14.812
16.9445
15.7686
17.4304
18.3364
17.177
17.0723
15.5664
17.8487
16.6632
15.3681
18.148
14.5903
15.2252
15.9049
15.9017
14.4347
18.9431
14.4883
17.9065
13.0514
11.8716
19.5145
20.4729
13.1105
17.1987
19.4495
18.3093
13.2506
14.4619
17.8347
14.0734
18.0598
17.193
14.7133
12.9472
14.5436
15.3203
15.4297
15.1678
15.2036
14.333
14.4302
17.6806
15.5268
13.8896
14.5801
18.8796
16.0532
16.6179
16.6417
15.5261
18.2938
16.5614
16.3055
16.641
18.6319
16.3878
18.0045
18.7697
14.7153
18.1212
17.8351
19.8002
9.81222
18.1839
14.266
20.3568
11.599
12.509
17.7427
16.9934
15.7854
16.5383
8.91375
21.0378
17.1014
13.4187
17.257
13.1997
15.8863
13.0483
14.8899
13.6924
16.051
18.1924
15.0346
12.9196
17.4015
16.6421
14.9352
14.8231
16.9789
19.4539
14.7558
20.6437
17.2308
14.5284
16.0287
18.9395
15.94
17.9811
15.181
13.9651
15.4253
12.3842
14.7869
14.9708
16.2966
13.3393
11.9474
16.2296
13.5524
13.5456
12.6215
13.1918
14.8746
15.5836
21.1533
15.5717
16.6127
16.1422
18.414
17.4257
15.116
17.3803
19.813
14.9456
18.9191
16.6877
17.0986
13.6664
15.6839
16.1259
18.8341
18.2836
15.0443
18.9088
17.1517
15.9813
13.4177
10.9076
15.8859
14.1395
16.3034
15.5052
13.0812
11.2122
16.7441
18.0957
14.966
13.6546
12.5944
15.5742
17.2366
14.3283
17.9627
19.0606
15.6349
15.3196
16.5529
13.4081
12.1564
5.14771
16.8265
17.7497
8.23342
16.7927
17.344
14.409
13.9255
14.8073
18.6283
16.0432
13.1918
16.9673
17.1903
16.3625
13.0024
17.7681
18.3965
14.4748
16.4938
16.2376
15.051
13.9146
16.906
12.7774
14.019
12.8065
16.2415
20.9486
16.3092
16.7153
17.6581
19.4825
12.1636
16.7929
12.8621
15.8807
14.7092
13.4228
18.0027
15.6977
18.003
14.1229
16.7762
16.9782
16.3202
14.3598
16.5305
17.5934
18.5853
17.4885
12.1078
9.10046
17.3221
20.6172
13.5143
13.8206
17.1612
14.3164
15.5129
17.9817
18.1528
8.21457
20.7609
13.3722
17.2928
20.4721
14.8929
12.3549
16.4791
14.8131
17.8764
15.7976
14.824
15.2642
15.739
18.4938
11.8366
17.7187
17.6993
17.8226
16.9447
17.0925
17.131
18.7457
16.8182
16.5018
17.4279
15.9872
13.6045
18.1119
15.3755
16.7225
18.3264
12.4449
15.4131
15.3983
10.085
13.6046
16.305
13.1849
15.6923
16.3091
12.9004
15.4489
14.0071
17.8221
18.1481
15.421
16.1501
16.1315
16.827
14.2548
20.771
18.6009
16.5281
13.6107
12.2976
16.009
16.3195
16.4926
17.1923
14.6757
15.897
15.3781
15.6811
16.4952
12.6562
12.1337
14.5393
16.7622
15.1874
11.5323
16.7224
19.0437
15.3619
17.127
16.3233
16.2658
19.9549
16.3155
16.1524
16.0391
12.0935
20.335
19.7365
17.0285
17.0008
18.6717
16.3182
16.4296
15.5783
17.0375
15.2987
15.2113
14.6596
15.5773
16.7767
18.0748
10.8855
11.6255
18.7154
14.319
17.5993
13.4246
17.7339
15.0062
12.2824
16.1953
15.1492
11.8528
10.6422
18.7335
16.1692
16.4894
13.4367
14.2029
18.4179
12.3904
16.3001
15.3281
14.578
15.2805
15.1351
19.0798
12.768
15.2021
17.2012
14.2147
14.3739
16.5122
17.1371
16.3524
14.2345
14.0523
13.2653
19.0942
17.5305
15.5094
21.6523
16.1409
17.3204
13.4725
13.9095
18.1551
14.6133
14.9778
17.2863
17.9908
16.5354
16.1572
14.26
12.2432
12.9268
17.1056
14.6393
16.1551
21.3269
12.3072
16.8343
14.8408
16.1744
17.3435
9.45282
12.8778
14.5982
12.5059
14.2355
16.9128
23.7952
16.5434
15.1508
17.2194
15.6609
12.3317
16.7536
16.7419
16.81
18.0432
19.3067
16.7376
17.1364
18.4734
15.7453
17.4121
17.3465
16.3437
11.3405
14.3992
18.0877
18.3235
12.4697
17.1484
18.7319
15.8443
10.3646
12.8179
14.6337
22.5114
12.6165
19.309
16.0087
16.0596
15.1701
15.264
18.5072
13.6331
16.0111
13.3743
12.3707
14.3801
13.8807
14.5548
15.7752
15.3726
9.64077
17.918
11.7186
15.0863
17.6554
17.7875
17.5272
16.2065
11.7958
20.772
17.826
19.1904
12.9078
12.4095
16.5956
16.6173
20.404
16.0776
14.9552
14.5501
16.8462
12.7911
18.728
16.6883
16.5949
17.8448
17.0831
17.1555
13.3915
17.9273
15.6413
16.4499
17.2556
18.7319
18.0333
15.3463
16.2911
15.7826
13.3302
18.6218
10.3673
17.971
16.8068
18.5796
13.3919
17.6371
12.8825
21.5046
15.6105
16.9987
9.44007
20.6224
14.6113
17.0803
17.0204
17.4516
17.394
16.9282
18.4804
18.3416
13.6341
18.3068
14.4137
10.3847
14.1882
17.3436
13.5631
15.7214
17.3314
17.2898
14.8084
14.7413
13.7574
12.9618
13.821
12.9332
16.6115
17.2517
16.9797
12.9306
18.3138
17.2474
19.1922
14.1965
13.7284
12.2495
16.9026
15.0935
13.8986
15.6951
15.3296
11.7088
13.428
13.0763
16.4383
16.4236
17.4679
11.3524
18.1027
15.7331
13.759
14.2682
16.97
17.0047
13.6829
18.1608
15.8479
16.5995
17.2025
14.0936
14.0891
17.9072
16.6491
19.1918
18.8672
15.7666
17.8704
20.0882
17.629
16.6773
19.8259
17.6091
15.1509
15.0354
15.6629
16.6996
14.2496
15.0357
15.4276
13.8373
18.8724
15.9843
18.2173
15.4338
13.5038
15.3951
16.3129
15.5547
15.3386
17.1465
13.3554
19.2427
11.3288
12.3649
11.7179
13.7292
16.6919
14.2615
14.3805
12.8857
15.9185
18.4413
15.8657
13.9993
23.3327
17.6884
20.6442
12.2223
16.6305
17.3973
15.3578
17.6302
17.057
13.8793
12.3515
17.3312
15.1866
9.89627
15.9782
12.7687
15.482
10.0429
16.6033
13.8049
16.3689
13.9407
14.1541
12.9769
14.7939
14.5422
17.3421
19.1879
12.8039
15.8264
17.5454
17.9766
18.305
17.9396
19.345
17.2291
17.7261
16.3739
16.9488
16.2148
10.0494
12.366
17.0842
17.0836
13.5045
13.9344
13.5109
11.538
12.0344
15.3197
14.3847
11.9477
14.066
16.3232
13.2496
17.6953
17.0715
15.4873
11.5628
22.2114
13.2876
17.4127
18.9078
16.8105
16.1886
13.4311
17.3364
16.0683
17.4203
16.8545
18.9832
16.118
15.8493
19.3444
15.5074
15.3858
15.3467
14.2033
16.5953
19.581
18.5399
12.6755
20.1392
16.3266
12.3916
17.4028
15.9124
16.9833
18.5465
18.8613
15.447
16.4791
11.9733
17.0632
15.0393
18.7378
13.0729
16.3488
15.8788
16.2606
16.8647
20.5289
16.3497
12.9741
12.7218
20.9672
15.1297
16.7968
16.8244
15.9873
15.1223
15.6139
13.9004
17.5727
15.8151
16.1487
12.4342
12.6242
16.927
16.3895
10.5029
18.5518
13.5846
15.9653
12.4249
15.908
16.3813
16.7258
14.4231
18.2091
17.4088
13.5108
17.3111
11.8682
18.6694
14.7256
19.6773
11.4568
19.0292
10.6991
15.1162
17.2347
15.4841
18.2926
14.1036
15.4778
18.0463
14.75
7.62848
15.7365
14.9013
15.2677
17.8969
22.1919
14.4168
16.3532
13.4693
15.6514
12.932
18.364
15.5258
18.3947
15.0016
15.7595
14.4371
14.9118
14.3583
16.0658
14.9514
13.8621
19.5025
17.0144
14.5137
16.0309
17.8669
17.1927
16.5811
14.942
17.0049
15.6539
21.0241
15.3151
14.8492
17.5051
15.4997
18.3485
18.3952
18.6944
14.8372
17.0722
15.9478
14.8455
19.434
14.4426
19.0739
18.3013
18.3563
12.3181
16.3056
12.7579
17.8733
17.136
17.5904
19.3493
18.1092
15.3594
15.0801
15.7065
13.452
17.9553
17.7941
12.1697
13.9311
15.474
14.7408
12.9291
14.0911
18.984
13.2577
13.7343
16.9837
13.1642
17.8872
17.0031
14.3744
15.9925
14.9532
13.2713
15.6212
17.6262
17.5811
16.5282
17.8027
18.4995
16.812
18.3407
18.0939
9.06876
13.8851
16.8313
11.7214
16.5154
17.2955
15.5817
17.5159
14.0737
18.0352
15.0494
17.6416
17.171
14.8134
14.8691
17.0716
14.0654
22.2309
18.8533
15.5153
14.5399
14.648
15.5392
16.986
10.3768
14.8779
14.4954
13.111
17.2137
14.1359
15.5121
16.0519
18.027
17.2475
14.9791
15.5433
15.3016
15.725
16.4288
14.8893
10.1186
10.6023
12.2089
19.5652
18.3348
18.2549
16.2396
18.0342
16.4802
16.1296
17.6677
18.8203
10.7373
17.4446
18.4924
12.1698
16.8671
19.573
13.8936
15.8683
19.6213
14.9636
15.4485
15.6554
17.6625
16.2607
14.858
15.698
14.1188
12.854
16.7385
11.4802
17.7522
12.2597
12.3336
15.9297
19.0218
15.5818
14.5192
15.0471
17.9414
17.2808
17.3854
13.4425
11.995
17.2404
12.1495
16.2095
14.5511
16.3145
13.6519
20.2618
11.0362
16.7958
19.3403
17.4972
14.7885
17.1145
18.533
13.609
18.2399
15.1919
17.2814
20.8126
18.6764
12.4364
14.6853
17.9561
15.7745
12.8637
18.0174
11.8022
18.6941
13.7297
18.4668
16.6788
21.2086
16.8811
14.1844
11.5563
17.4759
17.0155
15.7308
17.602
18.4179
15.9131
16.0772
10.4075
14.6441
18.5104
12.7152
14.1229
16.4178
15.5977
13.9321
18.9269
16.985
16.6436
19.5152
16.7221
18.6144
15.1709
14.6894
18.0316
17.0416
18.2914
17.045
16.4581
17.2991
15.6604
16.6611
16.287
16.0245
13.5837
18.7445
13.5793
15.0606
15.8156
15.9932
12.7552
18.3263
17.4975
18.1139
16.6712
13.0671
15.5212
17.76
13.991
15.0278
14.2512
16.3639
14.3167
18.3697
16.0605
17.8465
14.4306
15.9601
16.6986
14.968
15.9089
11.9092
12.2682
19.342
15.0003
19.2281
18.7734
17.0903
12.8909
16.1422
14.2039
16.479
16.8801
15.4035
19.3866
14.707
14.6232
15.5925
15.8347
18.2686
17.164
16.9431
16.5273
12.2974
17.0837
14.4553
14.9951
17.3685
15.8898
15.6365
18.6586
15.6966
17.4276
13.5057
13.6231
17.9072
17.7481
16.0603
14.0817
15.2465
16.7001
17.5906
16.0414
16.5321
14.9767
15.8087
14.224
11.3085
16.7681
17.9493
18.1354
14.7827
20.099
15.958
16.6081
16.0083
15.2317
15.7542
14.8623
10.1643
14.5234
16.5101
17.8191
16.6955
14.5006
15.4921
17.5409
16.5262
18.9947
14.2117
11.8438
13.4206
17.3689
13.9583
17.0831
14.4179
16.2972
13.2797
17.9363
13.1137
15.2434
17.4623
9.78717
18.2418
12.891
12.7835
20.3011
9.0319
10.9329
16.5546
16.998
11.7738
12.0976
15.3721
16.7164
16.541
14.6248
17.6206
16.5374
16.8413
16.5086
17.7847
16.9365
18.9493
18.5113
19.4296
15.9673
12.8426
15.5385
16.2441
14.9397
16.661
14.7135
16.1085
15.2882
17.6407
12.2907
15.6327
19.2964
17.2409
15.6634
17.0792
11.7198
13.2111
17.5278
13.1821
16.835
13.9411
13.7747
17.5478
16.6434
17.0268
12.8593
15.5133
15.842
15.5475
17.324
14.6416
17.6284
15.8911
19.3351
19.8994
15.1194
14.6628
16.789
15.025
18.1451
17.9684
12.9039
15.3517
17.0941
12.7183
11.7388
17.7118
17.0705
14.5093
13.614
16.4829
13.0967
15.7334
16.2447
16.3902
16.2595
9.28905
19.6429
17.2656
11.4414
14.7053
12.6178
11.0234
19.3176
14.9074
19.5051
13.3477
15.3578
16.5412
16.9435
20.0775
17.8202
15.2264
13.1077
8.44456
14.3906
18.3435
15.0451
15.518
18.8457
14.7306
16.2923
13.9734
14.6912
18.5597
14.3554
15.6684
13.9907
21.1069
17.5698
13.8243
17.0961
17.0372
14.2511
17.3774
18.3739
21.1218
15.0482
18.7194
17.166
14.3286
17.2665
14.6712
11.3077
18.1374
15.8553
16.4691
15.097
11.9033
15.1192
14.6436
14.2943
11.9626
16.8841
14.5987
9.79265
18.8001
13.5191
16.2456
15.1086
17.9968
13.64
16.5767
14.5639
16.6056
12.9997
13.1358
17.6327
17.4169
13.5165
16.9112
16.7997
13.3425
18.9174
14.8209
18.0808
16.993
15.2251
15.4536
13.9499
15.9468
10.5193
17.4983
17.0597
13.3233
18.3485
15.8642
13.7118
15.2689
15.2587
19.276
17.1194
15.1869
16.1613
15.7891
16.9226
16.6693
18.4559
11.4218
12.279
21.1236
11.3051
13.2023
16.8472
17.3655
14.0885
18.7544
17.4948
15.7553
18.7569
17.8898
16.2506
15.0059
16.5219
15.8804
14.6311
17.1612
16.8349
15.8174
16.874
16.3903
16.2301
14.3184
18.3118
16.9851
16.0561
16.6682
16.0843
15.4623
14.845
12.748
14.0949
14.0209
12.2721
21.2928
15.7435
17.8753
11.6998
16.3534
16.0482
13.3706
18.0182
16.1881
11.0664
10.5773
18.9244
16.6619
16.7707
18.1189
17.3957
13.7391
18.8384
17.1586
11.801
15.3373
11.8509
14.6961
16.6407
18.4984
15.3461
11.5721
14.9742
20.0818
14.8802
18.9916
17.864
13.2881
16.3004
16.44
16.2227
14.5714
14.3567
17.7582
14.1838
17.0402
16.0363
12.654
18.0038
17.1823
16.3239
16.1792
15.9153
19.8743
12.9895
15.6915
14.5485
15.009
17.6113
9.09441
16.2649
16.3649
14.2193
16.5951
14.4835
19.9277
17.4998
17.3739
16.2007
17.9019
16.3205
16.9192
16.1852
14.8105
18.0385
17.0959
15.8574
13.9011
15.2828
17.2201
17.9819
17.4878
14.005
16.4982
17.4238
19.34
10.7709
18.1877
20.979
17.2225
14.058
13.9016
15.7116
15.1483
14.3058
17.9967
14.0475
15.9505
21.0754
16.2176
14.7946
14.7524
16.2054
18.4157
16.3637
8.7954
13.9867
16.2841
17.1909
16.56
15.3389
16.6475
16.08
19.7436
14.5351
16.7167
15.4012
15.2364
19.0604
13.3115
12.7837
13.1436
16.2856
14.681
14.9019
15.5481
17.3618
14.8855
17.4853
13.5201
15.934
18.2834
18.1501
13.4162
16.4233
12.434
19.5738
16.8473
14.3782
19.3829
16.0051
18.7102
16.7026
18.5362
16.3502
18.6198
15.0705
14.23
13.0319
16.2531
18.3974
16.277
15.8046
17.6663
17.8698
12.6463
13.5834
19.5285
18.7663
11.4949
13.8634
20.4775
16.7569
17.2696
16.4149
17.1278
16.1297
14.2352
13.179
17.658
18.1363
17.3867
16.4366
15.0259
14.6716
7.08463
15.0883
20.5154
16.0246
13.9574
14.9089
12.8531
13.9409
19.4796
18.8423
16.4529
14.7312
17.252
20.3025
16.9222
16.4534
16.9974
14.9428
14.7978
15.0258
17.5604
16.2198
17.8545
15.0533
17.7451
16.0359
17.0936
16.7241
17.7449
17.6117
12.6072
15.8454
18.2198
17.6453
16.078
16.4658
9.24021
15.8081
14.8278
16.3801
13.096
17.772
15.0377
13.6581
16.497
12.7979
16.9825
6.32083
15.0571
17.2236
13.7707
18.7421
13.6828
14.3694
19.0841
17.8715
14.2081
15.2382
13.1809
7.76084
18.5992
19.3746
13.7267
18.2595
18.3433
16.5938
12.4656
16.4025
14.5408
10.8883
13.0897
13.7967
17.0596
14.2467
19.4349
14.7912
15.9609
18.2098
12.6731
16.3906
15.6538
15.0058
11.1727
12.4377
12.7646
11.8463
14.7979
19.5015
13.6824
15.8811
18.4582
14.5533
15.3896
14.8717
16.0444
13.7243
11.0669
12.359
17.9653
16.3269
17.3939
19.9671
17.4093
9.72066
16.6259
19.1185
16.0681
17.3398
15.8955
16.1471
15.6548
16.7168
17.0703
17.7574
13.0479
13.7335
15.8363
17.5618
13.2217
15.4787
16.5895
12.5317
17.1032
13.3337
15.3217
14.6507
17.7311
16.0538
10.4402
3.39135
16.452
17.247
17.1606
16.6668
18.8646
13.9126
16.3452
14.7677
14.7478
18.7104
17.8704
17.4342
14.7804
14.6704
11.4002
14.6077
12.8599
15.1751
15.7153
17.0121
18.0922
19.2454
20.2289
7.12828
18.7977
12.7192
16.9451
15.0538
14.1673
17.5564
15.9215
14.9715
16.9572
12.428
17.5405
18.4062
14.8451
14.9241
14.61
15.1599
17.2059
16.9137
17.0892
16.7178
16.0603
18.4842
17.8655
17.2789
15.9506
15.9217
17.2534
16.4137
15.155
15.9372
13.3236
17.2862
16.2999
11.754
9.30396
13.0116
