0
21.6261
20.8701
20.1161
16.1964
24.7155
25.8141
22.2059
18.5227
18.1389
17.7672
25.9648
22.7804
14.8769
23.5517
16.686
20.8403
23.8513
27.1308
15.8804
22.868
25.0548
19.9665
15.3858
26.5644
23.3735
13.64
25.2687
24.6471
19.2266
19.4721
11.875
22.6096
21.1272
21.2738
20.4307
22.5168
25.0444
18.2115
19.8427
25.2635
23.0706
29.4344
8.50643
24.4728
18.9001
19.3696
18.8063
24.4843
19.8927
17.8829
24.0612
25.568
18.9733
21.0127
25.2208
inf
16.7733
31.7304
30.037
20.561
27.7564
23.8534
25.5949
22.3648
18.3329
27.331
12.5589
21.6293
15.011
26.0769
23.9526
21.9578
20.4558
28.9796
19.734
21.3072
19.0465
22.4869
inf
22.3603
23.8143
20.347
17.9972
20.8187
21.4127
23.8517
18.1202
20.7771
26.4807
24.6952
17.2741
25.4209
13.7567
22.7544
21.3398
24.4644
25.8409
27.3145
23.167
13.2736
19.0195
16.6613
24.4505
24.0139
28.2533
22.9678
23.8457
25.7189
24.6317
21.381
25.3225
22.175
14.6765
17.752
21.6734
27.1994
21.6343
21.9738
15.0646
12.8687
20.6213
25.3045
19.9414
19.9565
19.6112
21.2561
20.5221
20.7646
20.4767
20.6648
19.2459
20.9637
23.2082
21.8112
27.5592
23.483
25.904
19.2164
26.9108
28.5632
24.8264
20.6349
23.1679
20.4194
14.8691
26.2686
20.1448
22.3289
20.975
29.5915
25.8853
20.9936
22.1793
31.2848
17.43
13.588
28.6705
19.8465
19.6253
23.7103
25.0456
23.7026
20.0392
17.9077
15.2399
21.3796
23.9393
31.6293
14.7578
19.1794
21.7548
18.436
26.7177
24.7212
27.2714
17.0958
24.8923
26.9388
29.6409
21.8742
10.0978
24.6976
9.24756
5.5561
27.5832
25.7716
21.7347
23.7058
17.3524
21.3471
16.133
21.7071
22.3588
19.0421
23.4776
26.2556
15.8129
25.1182
17.7937
25.8223
23.14
19.3163
24.5658
23.3242
20.1637
27.5381
27.3929
26.0666
22.2756
22.6118
19.4428
20.0204
20.8381
17.0966
24.4648
18.9329
17.5346
32.3314
25.9659
21.7264
20.6411
23.1406
18.0181
20.0901
21.4639
22.8693
24.7162
24.5115
25.079
21.5482
25.1561
14.3352
20.3997
25.4021
16.0477
21.4055
8.28993
26.8295
15.1047
20.8707
19.8083
23.3447
25.6153
25.0048
26.4349
17.4913
24.1227
18.6001
16.6757
15.9186
23.351
21.8293
20.7373
29.7615
18.4768
25.3904
14.7638
26.1502
20.2586
30.576
20.1106
20.3058
28.4141
19.5571
31.6398
17.6427
26.4496
18.7043
25.0557
24.294
25.982
28.3453
20.7511
26.2064
24.617
16.1973
24.356
16.9438
19.3695
22.9579
22.6558
20.0253
25.7709
25.7049
23.2671
29.7225
19.2618
28.5994
20.771
25.8313
22.1955
22.0838
14.5489
22.6272
27.1644
20.0129
17.357
24.4738
25.5315
27.7061
25.2344
19.9914
24.1921
20.3644
26.6373
23.829
19.3498
22.187
24.2077
30.0164
19.4525
25.8747
23.2769
22.9856
25.0857
22.7109
26.2816
15.1977
20.6199
24.5798
14.4415
18.9459
26.7352
25.179
15.0568
25.9956
26.2308
21.806
19.4784
23.6326
23.1765
15.3599
12.5149
19.5312
21.6273
22.433
21.0898
20.8579
15.7572
17.3542
26.4379
19.9054
21.5695
18.7295
25.6416
23.6544
26.4251
19.3533
26.0892
22.1991
22.5123
25.4711
28.6983
24.6144
22.9965
21.9455
17.8847
9.68528
17.718
2.85636
8.91178
25.7962
26.4254
20.2372
11.8219
22.2941
18.0052
18.7252
9.58642
21.8533
24.0009
19.026
21.1366
26.9444
25.1463
13.3179
23.7087
27.62
20.0626
23.0089
16.7104
10.9113
29.5861
21.693
29.0856
27.1317
28.3536
inf
22.4032
21.9351
28.5665
26.5673
14.4445
24.3438
11.224
23.6413
13.5546
21.9281
23.4944
20.9209
23.3501
21.8883
23.8417
24.9861
25.5078
14.7466
20.4296
24.1236
23.207
15.9168
20.0196
25.7688
18.0244
29.7631
25.3054
28.8858
24.21
24.9074
25.5696
29.8206
26.3064
17.6125
18.7261
24.9252
15.2267
25.3953
23.2569
21.8507
27.9896
26.102
22.9242
21.592
23.9247
21.5784
21.5083
22.6219
20.8941
22.4853
23.78
18.3205
22.2584
19.075
18.8314
21.6084
27.381
27.3179
25.5609
24.2502
25.563
20.1841
27.878
17.5235
27.5928
22.7036
14.3059
26.8299
26.767
28.7253
24.0978
22.0792
27.6556
19.4139
26.4363
18.8514
19.0276
19.3743
24.7207
23.4191
20.5285
inf
17.1718
18.1875
27.8708
18.9856
26.9954
15.7935
25.8269
24.2798
17.4239
23.9743
23.037
23.2697
34.3859
24.5237
21.6115
18.493
23.4596
19.0055
26.0342
21.5938
23.7347
15.1154
29.0329
22.4366
10.7296
19.156
20.4615
18.113
21.3191
29.0104
26.1346
28.3712
21.7105
16.0056
23.792
22.8906
19.4115
19.2322
25.6463
22.9907
21.4841
24.2333
21.1578
27.2382
27.1344
17.4932
25.4253
26.9273
25.0822
18.9515
22.4271
22.0213
7.38541
22.5842
23.1591
19.1498
20.8571
25.234
11.6816
22.0229
29.682
23.2851
14.3422
23.7983
26.3406
12.2748
8.18775
26.9041
19.2029
20.2883
23.144
24.364
12.921
24.6493
26.0829
24.4408
24.0895
18.4053
28.7101
16.6054
25.2494
23.9204
21.9164
20.2375
22.079
25.9815
20.1515
21.9486
inf
28.8119
24.4456
21.4562
35.2745
23.6634
20.9237
21.5397
19.5283
22.0188
18.1911
19.9131
21.4702
19.9331
18.6411
22.7648
24.1756
25.3573
24.246
19.0211
23.3676
16.7929
21.8187
19.2318
22.2135
22.0294
26.5247
22.8266
22.6474
21.0992
22.4027
22.9191
16.7795
20.9958
7.82421
25.0645
27.3614
21.0646
11.175
23.3574
18.5255
22.9819
25.2608
20.4556
21.9773
23.6765
23.3022
22.8582
22.5851
20.2074
18.4394
19.5584
17.5316
17.6599
20.5063
22.242
25.9966
23.8182
21.8241
27.0005
23.2394
27.1527
14.9392
25.0423
19.7921
21.0168
17.3686
23.4372
23.4982
27.2155
21.1814
21.0544
17.9342
22.7255
22.7772
18.7183
20.8721
24.3101
26.8357
24.0666
26.3245
16.7639
19.4042
26.1418
20.7371
21.1881
28.0407
21.6453
23.515
19.7354
26.8721
14.811
21.7172
22.5657
24.7149
25.0913
23.0209
19.2868
23.2933
18.2438
25.8138
24.5857
17.2657
22.5642
30.8819
25.4539
19.3712
20.5167
20.142
27.7442
inf
22.1111
7.81961
10.6368
29.1299
17.8357
22.4424
6.62943
25.2504
14.7224
31.8724
21.3635
23.8809
22.167
16.9124
20.8222
21.6644
21.4164
24.9583
22.932
31.0043
22.7108
23.3024
18.2288
21.6604
14.6022
21.7889
22.8601
23.0162
22.5985
14.8801
23.8465
19.8518
25.7425
18.8729
30.6368
25.3178
12.341
21.043
24.2424
19.3136
21.3524
26.4782
22.0612
24.6464
8.27415
13.2546
21.6225
24.626
27.7472
16.3489
22.7358
24.0186
17.3877
19.2517
24.7682
17.9232
24.9084
19.6382
24.0966
16.2551
25.2797
19.6038
22.2594
17.4287
26.672
22.3276
26.5522
27.0027
15.7042
22.8078
18.1788
26.4954
21.3536
26.0832
24.9469
20.6544
39.9718
22.7509
24.1923
19.5004
22.5245
29.1172
23.6889
21.2493
22.3271
23.5639
22.9091
16.5528
23.3928
20.4765
21.5568
21.246
19.3363
22.9993
22.4572
10.0512
24.9665
22.3259
24.1859
25.4676
17.1249
22.3256
22.3749
23.1397
13.1728
24.4844
14.3123
21.9577
25.4523
17.0933
24.1395
21.3935
22.2772
20.9177
21.7089
25.2022
29.9224
17.014
19.2125
26.0503
21.7262
19.8312
21.9936
24.4629
19.3923
21.2133
20.6387
24.6624
31.9141
22.8656
26.6447
18.6157
24.2243
21.2482
22.0441
26.1715
25.9524
16.2393
22.4508
20.4491
22.2758
24.4475
23.4139
21.1366
18.6806
21.3369
21.2748
27.4559
21.5289
20.9119
28.5743
36.3075
inf
26.3653
26.7911
19.5285
23.1165
24.8743
21.2158
14.5775
16.0254
25.0247
18.9358
24.1628
20.0266
20.1496
22.513
25.5899
26.8284
22.3772
22.0892
22.5747
19.9232
25.8033
22.2534
19.1867
19.0638
22.9134
24.1294
21.152
24.4177
19.4673
23.0789
22.808
18.9218
19.4582
25.7044
23.2503
20.5772
21.4937
22.0568
21.0148
26.6708
24.9504
23.606
24.7424
18.9502
15.1017
31.1304
19.6487
19.0633
19.6658
27.6091
19.8718
33.5545
23.6611
23.0632
19.573
19.0943
24.3727
22.9652
25.249
17.3363
26.4709
23.3139
25.0634
13.0609
17.3042
17.532
23.6683
24.2924
25.4401
21.4436
20.7617
22.904
15.9027
23.992
21.1507
26.8874
22.7229
16.0134
17.4937
21.809
26.8423
26.6554
20.4496
13.9369
19.0844
17.692
19.2564
21.8086
23.7664
11.9117
16.7381
25.7549
31.5958
20.6545
25.0104
25.4995
27.1215
16.902
20.3159
16.0718
21.3259
19.527
35.1148
23.8206
13.2606
29.293
21.7289
23.7096
15.8262
22.3479
20.9216
25.3716
21.8181
25.2263
28.6233
23.3311
17.4001
29.0482
26.6169
22.7365
19.4465
15.9397
18.0442
21.0667
23.5424
10.7007
24.505
22.1854
18.7912
12.0635
20.9942
23.5587
23.3073
21.4315
12.226
22.9503
25.5019
21.3469
20.1445
23.4712
20.3144
21.2458
21.2745
24.6807
14.9349
18.3522
17.0567
27.4635
26.8024
18.0343
14.7142
24.1441
23.964
24.2496
22.9127
17.9185
27.505
21.6367
19.5468
19.7436
19.9392
23.6274
24.3682
24.162
23.0602
18.6404
20.819
19.1421
27.4131
12.2708
22.9725
20.2314
24.0618
21.8628
22.2616
33.0069
19.9333
25.312
21.4457
22.7482
26.0447
10.1725
26.4897
29.305
19.9936
18.5667
27.8051
28.1286
22.0882
16.0944
19.826
24.6631
19.3416
21.3545
13.3973
22.8756
22.0167
26.1393
16.7973
20.9772
20.5861
26.2026
23.3479
26.2175
28.8663
17.5566
23.867
23.7401
22.307
18.8071
15.5054
23.3971
31.1008
16.6948
20.0778
18.3084
20.6609
21.9516
23.97
19.9331
23.0274
21.7344
28.5371
15.6591
16.5894
21.4169
inf
17.4945
25.0261
22.8898
21.9274
27.4934
26.6434
20.8938
15.2943
21.9888
27.1042
23.2392
20.6056
22.387
25.6516
16.7149
16.2868
23.7812
23.7542
17.381
16.7032
25.5748
23.705
24.8348
17.2539
23.7623
27.5627
21.081
24.721
21.0152
23.9584
25.0539
16.8082
26.662
26.5834
25.7029
19.1332
18.4768
24.4254
17.966
20.0352
24.9174
24.2458
23.1841
23.2233
22.3588
27.2015
27.633
16.7052
17.5935
25.4574
27.0792
17.2617
21.8757
20.4836
24.5577
23.3257
21.4859
24.6266
35.2638
17.7622
16.1395
29.8707
25.0381
24.0422
22.6874
23.1292
22.5431
19.823
20.6663
25.1127
22.4042
24.8458
18.7646
23.3264
24.9138
23.5409
21.7554
24.3048
25.7158
22.9696
22.1751
21.0866
19.1118
21.5916
24.5934
22.1501
25.4615
23.8122
28.9591
22.8047
16.3673
19.7831
27.291
27.9608
18.8014
25.0784
20.5969
27.1154
25.6261
16.3064
20.2974
25.7338
20.4869
19.5962
27.3815
28.0303
19.5368
12.1067
26.7776
17.6222
20.3729
17.6401
22.4959
20.8272
27.5029
23.3326
22.242
26.1056
29.9355
21.2956
27.9314
27.8388
19.9547
24.0934
23.4545
18.281
25.0498
19.3542
17.0423
15.1883
22.1851
19.8148
20.1461
32.3951
24.3429
25.2156
23.7504
12.4297
22.9246
26.1217
23.2244
22.6078
20.5682
20.9969
24.0936
23.6396
21.8749
16.6962
21.38
18.9991
14.8105
24.1583
23.5875
23.4386
26.0491
27.7284
18.3702
20.1309
20.7673
21.534
22.0086
25.9569
16.3147
23.6186
23.2336
20.7868
26.4746
24.1886
23.7644
20.215
13.2884
24.6197
21.9268
14.9439
21.8106
16.9689
29.9728
26.1347
18.4235
21.5399
23.4595
19.5896
24.7254
22.3087
22.295
24.0476
24.0142
17.3328
25.5555
23.8984
24.1179
26.209
22.3992
24.9484
23.1392
24.6748
8.94784
18.6713
17.2752
24.8188
17.8744
38.2624
21.5994
18.1583
20.8437
22.136
24.7761
27.7082
21.0496
27.8291
13.221
22.2478
17.8137
17.6069
25.3947
17.372
22.9644
24.9301
18.4792
23.1389
24.7214
24.4775
22.6113
16.8322
19.7426
17.3449
25.4799
22.8174
22.1047
23.7775
17.8304
12.0968
18.0286
18.4914
19.0812
27.0515
24.696
20.2611
24.2718
14.1067
19.2696
24.0479
21.4476
28.0426
27.0419
21.5768
18.151
16.9965
23.6557
21.4026
21.7687
25.3712
18.741
19.3183
19.5128
17.738
25.905
17.255
27.6564
14.8828
18.9239
24.2602
27.0575
16.6683
26.3274
23.5029
25.9333
26.5854
16.4306
19.1145
22.5735
21.3905
24.3868
25.986
28.0373
23.1505
22.3749
21.4395
27.3104
13.8355
20.4773
24.5185
23.1346
25.3011
27.056
24.0034
11.6932
24.0336
28.4789
22.2023
23.5819
12.5373
20.4437
15.4421
10.1352
30.8965
21.4925
22.7474
21.9423
23.7853
20.5549
17.5734
23.2757
25.3996
25.9479
18.6617
20.1284
24.1358
24.1789
19.6783
18.6159
17.7581
23.6725
22.4024
24.239
15.0605
28.462
24.679
22.8453
22.3597
16.9184
27.9861
24.1021
25.1443
24.3897
23.7553
15.4741
20.1546
27.7561
22.4826
31.2591
23.5382
20.1227
30.2445
14.2653
14.4463
13.9239
24.5259
26.3156
25.8548
23.5654
20.6523
17.2735
26.8055
30.3996
15.8458
14.366
25.1111
18.7655
26.3898
16.7396
29.5396
24.7386
24.5748
23.9728
27.2016
inf
17.2333
13.8074
19.833
26.7856
24.0377
20.3402
18.6307
22.422
25.0229
28.8927
23.6813
24.2522
27.2676
30.5867
19.3718
17.8374
17.3468
19.1157
20.1842
20.7054
27.7343
24.933
26.1384
25.1693
21.0718
19.5375
16.281
26.9876
17.8825
24.1694
22.0363
26.1677
19.1596
17.9932
11.2705
19.0075
25.8317
23.4436
27.6466
23.4637
20.3313
21.0397
21.3214
19.1314
20.1709
inf
24.3775
22.8003
19.4151
20.887
13.3522
20.3496
28.4258
15.9615
22.9123
23.0382
23.0819
23.0068
14.1354
22.8566
13.8651
21.5477
17.8843
27.8747
23.2775
19.54
21.7532
27.0899
26.0292
15.9746
22.9998
23.4857
19.0247
29.0243
22.0233
25.6289
23.2526
24.8897
21.8717
26.6039
24.1299
24.6492
25.3988
22.2708
17.3556
25.7125
17.8739
24.019
22.9342
24.8832
24.9866
23.7257
27.0777
15.3768
26.1403
28.7256
23.8834
12.498
21.3723
23.736
23.1254
16.6
27.2713
22.8223
19.83
16.2876
12.282
21.5479
24.8408
14.6668
21.788
19.7262
17.1982
inf
20.7017
26.1667
13.2395
32.6787
26.5763
20.6387
13.8824
24.9589
23.7354
25.642
22.9312
26.3853
23.3785
24.4221
22.3978
35.2466
14.7737
21.8195
20.1306
30.6378
23.692
23.8584
23.4039
23.6254
23.9585
23.1689
27.6273
23.5093
16.3307
22.7014
19.8602
21.1132
14.575
30.0713
23.6727
11.5752
23.7536
14.6426
21.7147
28.0827
19.3732
23.1643
18.4856
21.174
27.1778
19.3392
22.4089
24.5032
29.946
20.3411
28.2256
17.02
25.1437
18.3066
27.8651
22.4607
18.0183
19.1838
19.1643
25.0128
25.3405
21.1917
24.5996
24.2389
20.0548
20.7665
24.54
23.2111
21.0523
19.9763
30.1247
25.4501
20.648
21.4626
23.178
15.497
14.5105
26.3255
25.1217
24.3666
21.6521
24.1091
20.3109
26.8957
19.5698
29.8867
25.0634
15.9917
21.0401
20.943
21.3236
9.69863
18.1063
17.0455
18.3897
23.23
23.226
22.6336
19.7172
16.3154
26.8568
15.0951
22.6104
21.8994
20.2202
inf
20.4703
23.7099
20.7521
28.2831
21.6768
28.9632
25.3123
23.01
24.6482
27.5234
20.8615
14.1462
23.9698
35.1293
16.3837
20.5535
24.8955
16.3759
20.3823
20.4544
12.9143
25.0456
19.528
22.5428
23.2055
24.1961
23.2993
24.5037
25.591
24.5248
16.887
25.9482
19.6157
8.24805
20.3924
21.9087
21.6422
23.738
28.664
23.8584
20.8691
19.1616
19.0182
23.1857
26.1069
22.6278
19.4978
13.7707
28.8383
22.6403
26.6467
26.1226
22.2211
18.7973
24.565
29.1831
18.6058
25.5254
24.9747
32.1013
15.2051
19.3054
19.3938
25.9984
22.4695
22.0014
27.6065
23.4944
23.8842
21.9748
22.836
24.6574
19.0403
23.0537
26.4526
19.9677
19.4492
21.5073
22.4174
17.7645
23.0228
24.4465
28.2986
27.0422
20.2211
21.157
26.3377
20.0952
26.6194
27.6745
25.2881
26.2077
20.6291
19.3506
24.5825
29.6857
23.2916
22.3476
15.0182
25.2153
19.1981
13.1385
17.5175
22.4289
18.4275
24.6793
23.826
19.8446
23.4676
25.3434
13.1432
19.2944
15.8155
18.3625
23.3062
26.1389
18.5606
24.352
11.9528
25.3171
27.2117
24.909
22.8017
7.94674
24.3599
25.6392
17.5607
15.0472
25.1814
18.7632
20.3829
15.113
20.9617
21.508
24.2705
6.1635
22.788
26.2591
15.6374
24.5173
15.5488
23.6986
22.4357
34.4089
22.4609
24.8436
21.1556
26.416
32.1217
20.1638
20.8969
22.227
21.6807
22.441
24.8239
24.1394
23.2373
17.5618
21.2848
25.6924
17.059
22.4673
22.4625
22.1205
23.6111
22.8644
19.399
20.6512
23.4948
18.4063
20.3943
23.3856
25.8042
20.2239
22.952
20.5343
13.7903
26.2162
22.8689
22.8787
25.5514
23.8406
22.4837
20.984
24.9634
16.9566
25.0778
24.6888
23.8964
24.1959
23.802
18.8346
24.8603
20.6825
25.8175
22.6547
20.8291
24.713
20.1919
26.0861
inf
19.4009
28.042
21.2586
16.3126
28.6625
23.8119
15.3295
19.3936
23.4338
24.727
26.6198
24.4059
28.8545
21.3176
21.6831
21.9197
20.6529
19.1514
20.1955
23.8545
18.2047
23.0446
20.1449
23.7841
17.2788
21.4051
17.4739
22.3554
24.4427
13.9097
22.742
15.1014
20.9123
26.7481
26.0617
19.8784
20.5466
22.2472
26.1816
25.3556
20.7612
17.3499
18.1788
12.4
27.2887
13.7374
21.3935
21.7214
15.3296
25.3605
28.7591
20.9271
25.4427
25.5796
24.7823
24.2296
25.1807
31.2653
28.2759
26.3952
20.5627
16.1011
21.2449
16.7984
17.7477
15.1129
19.15
20.2455
19.9832
19.1437
20.4404
18.4457
25.3184
18.0608
21.4521
29.2905
23.6281
23.8114
18.5936
15.7695
21.3578
8.58319
24.4899
18.4572
26.9697
17.8176
24.1252
31.3722
19.9597
15.5519
23.473
31.3847
19.9753
24.7209
24.0209
20.6845
19.8025
16.0215
23.3517
32.2443
20.7643
23.1353
23.3273
15.0006
27.0104
22.3948
28.1124
18.245
28.1054
24.3109
18.8501
16.9134
20.0467
21.9155
14.1991
23.7677
24.6046
17.3088
16.5596
24.5327
15.7646
24.5519
18.2779
22.7905
23.934
20.7406
13.8467
23.6547
22.0966
23.9516
23.3984
14.2727
17.4794
21.1662
22.6368
21.3338
22.2952
23.7058
19.6903
23.5589
24.3034
15.7506
22.8686
22.3982
34.2329
26.5181
23.0679
23.5981
24.218
21.4529
20.5468
19.7799
22.5282
22.3245
21.9661
23.3972
26.7591
24.4415
24.2082
21.9931
25.8092
18.14
19.17
23.8181
18.0411
21.0175
21.0941
17.4512
22.146
25.4788
25.4885
26.2867
22.8722
20.0447
20.8508
24.5926
24.1995
22.9936
25.4953
21.4099
27.1908
30.6553
25.1355
18.251
21.1582
13.5759
16.7917
25.2837
21.9587
22.5552
16.146
28.5064
20.6091
20.7565
21.7783
26.5755
17.8386
20.2334
22.0884
17.1239
19.6838
28.1082
27.7043
15.875
17.2667
23.3373
23.7364
23.0596
22.3956
23.7401
21.5369
17.7031
26.1015
22.0833
25.7204
20.4926
24.5521
21.911
28.832
18.8002
24.6646
12.5862
13.7427
27.0541
24.0019
24.3281
22.8578
19.5806
21.3963
21.0076
22.1841
22.0071
inf
17.7066
20.3381
24.5659
23.5853
18.9505
22.0398
20.5262
22.7364
20.9735
21.4128
27.1761
23.1046
21.1925
28.1451
24.5786
19.9645
21.4343
15.1998
21.3947
22.4684
30.8451
21.3059
25.9358
18.6663
28.6034
24.0566
22.424
21.8884
19.9934
24.0443
24.5893
27.9491
19.9826
15.9827
12.7996
20.9468
27.349
24.3921
20.8508
14.1251
25.2041
18.6142
13.8586
24.6437
15.2829
23.3742
20.1735
23.6228
22.3759
29.4694
18.0417
20.642
19.213
24.4166
22.058
23.559
22.405
23.3711
8.53615
20.4339
23.598
30.386
24.8419
23.254
20.586
22.9226
25.8854
20.4023
21.9241
19.4626
21.4724
24.7806
inf
18.6853
22.8022
19.878
19.7839
9.52361
26.0885
23.3642
25.3116
21.5166
27.4898
20.0097
23.3765
19.799
14.1983
17.096
18.9447
13.5205
26.148
23.4863
25.5162
21.0522
24.6314
25.9137
29.2461
25.9916
18.0066
18.0887
18.9864
20.4424
17.3585
19.8491
23.9567
16.5713
14.555
23.2756
26.9279
18.872
22.3427
33.1067
28.1896
28.1712
23.5682
17.9712
inf
20.2907
20.3631
24.4983
22.6826
15.3789
25.1012
25.4663
24.1547
22.8637
19.4023
23.9242
27.5161
23.7897
23.0292
22.3894
22.4977
20.4756
22.8384
24.8331
22.6366
19.7544
25.4999
22.0708
22.4748
25.6765
21.2016
23.0043
24.0798
21.3635
26.8692
23.4125
23.5347
21.8598
29.8802
28.4674
24.4161
22.8914
22.2706
12.5459
24.1475
25.8384
21.692
14.7623
24.0238
25.7515
28.4227
22.2665
19.5463
13.6983
22.8569
20.2337
23.8124
30.3246
26.19
15.6601
23.67
20.7078
21.028
23.8198
25.7298
22.5329
27.66
20.5026
15.5858
27.7795
20.0528
19.2747
29.5806
23.9387
23.1617
6.33234
23.3946
21.5136
18.6981
19.3675
25.5015
24.6386
23.3595
23.9039
15.8875
17.7267
23.0374
23.288
20.0661
21.5678
24.6751
26.1859
25.1611
19.3857
19.971
22.0865
25.9518
23.7318
20.5783
18.5642
25.1004
inf
29.1114
21.1959
23.769
22.9603
32.0269
21.4073
26.1224
24.1966
15.2031
18.4189
22.5096
20.3643
18.7955
22.7489
20.5274
22.5219
26.8596
25.8033
29.1582
11.898
19.8553
22.3589
19.6666
25.3279
20.8224
22.0357
18.9518
22.6038
18.8178
19.7523
21.9026
24.3821
12.004
16.1711
16.3769
20.2727
21.5794
20.3537
23.588
21.063
20.7011
15.4261
15.3776
22.363
25.3634
26.0331
19.2457
18.6244
22.7418
29.5222
16.7023
25.0403
17.5973
17.91
20.3762
24.9248
23.0018
23.8021
22.8692
16.8238
15.8649
26.6933
16.902
26.7262
20.3743
21.5202
21.7916
24.4832
19.5313
18.0547
inf
19.6391
14.6756
16.3609
12.6619
27.4884
20.0115
22.6347
21.7949
26.2176
14.2945
27.53
inf
22.6444
18.472
21.2232
21.9763
15.3833
21.0041
17.8729
17.9402
22.9067
22.6289
23.738
18.7631
24.015
20.4298
20.7398
20.1843
22.9216
24.6512
19.3364
29.243
21.1169
16.3708
24.8896
20.2738
24.0155
21.6698
23.189
22.4152
24.6644
17.9238
26.5395
19.1204
21.42
22.835
14.174
22.7223
20.5865
26.098
19.573
17.321
20.7515
22.3973
25.4862
23.737
26.1337
22.9219
17.8245
21.724
24.1303
12.144
19.3547
21.127
21.5688
15.5365
19.5583
30.0531
27.3465
25.4819
15.0429
22.9144
12.9881
30.0718
23.1455
16.5591
23.6693
27.3863
14.0089
22.73
30.0642
22.4642
23.2914
25.0015
22.81
21.8707
21.2164
22.0213
21.7679
20.8782
21.773
26.3426
26.324
14.2475
28.4054
20.7086
21.393
21.2139
20.0188
19.4339
24.9887
19.8556
18.4144
19.4154
19.8842
18.6256
21.7743
23.4178
17.3866
22.4402
17.7064
18.0841
13.067
19.9449
21.1953
15.3366
25.2643
16.4056
13.3013
27.7167
21.3984
27.5105
25.3635
20.2151
25.0317
30.311
21.8844
21.4916
24.9642
18.4872
22.6167
15.4582
28.6574
18.8341
17.9277
19.3699
23.3024
20.0273
26.233
25.2399
13.5735
27.7767
19.0411
16.5262
23.7951
24.7791
26.5579
24.2874
28.9771
19.5942
22.9377
22.0727
24.8585
24.0019
20.0515
19.3401
24.5748
19.6547
22.4709
24.6729
23.2801
18.0585
26.8092
22.0023
19.8748
21.27
22.2255
16.5035
22.8546
27.04
25.9356
22.6257
22.6308
24.9998
17.6126
20.9606
20.0317
20.9072
21.4575
25.0956
25.4539
24.3728
17.1863
20.2718
19.8031
25.3366
22.6566
19.4761
21.0023
21.7719
33.2703
26.3425
24.4827
25.1453
21.5485
14.356
22.1043
23.1699
20.6911
20.3749
22.8286
18.3018
18.195
21.6726
20.4749
18.7551
25.8594
23.4844
17.8466
25.9807
24.0593
11.8832
23.2935
26.9977
22.1181
23.2149
14.3834
16.1039
22.863
19.2035
23.1369
22.3384
33.3407
23.2633
24.6521
17.5096
17.4392
26.7279
30.7403
28.563
22.6913
23.4473
30.4741
18.8232
27.6675
23.871
22.7179
20.3623
26.8859
24.689
26.8718
27.2805
21.5223
20.9997
19.7711
18.4121
11.795
21.1618
19.2257
25.3016
16.1274
13.3381
17.9706
21.6123
20.2137
22.2378
24.4301
27.1365
11.5236
24.8557
16.0658
20.2154
22.8391
24.2768
26.2467
19.438
20.8747
23.6989
26.1907
26.4772
14.029
29.0763
18.9899
21.1544
19.2599
33.5681
23.681
15.5696
24.2433
22.743
23.5901
24.1162
21.6139
12.5497
30.6517
20.9783
25.5642
16.8071
11.5879
21.2967
26.6002
25.2256
26.2437
19.8446
21.0425
23.2344
21.8876
24.4513
24.7455
27.9105
14.2028
26.2649
31.4535
12.0571
17.9713
19.768
25.0841
23.563
24.6778
18.3665
25.3454
14.9
18.0355
23.7273
29.3981
4.12244
17.8968
24.3401
26.3903
21.8754
25.2774
20.4224
24.9658
21.9384
16.7256
22.5577
15.2026
24.1627
22.1357
28.9023
18.2505
28.4531
21.6096
22.0963
20.6768
22.847
17.3316
22.5686
21.6105
28.2721
18.8591
19.0127
27.7747
20.2803
24.8054
17.1918
24.5691
21.4264
14.8904
23.0245
20.2712
24.0927
19.4996
22.5973
13.707
19.8697
17.9068
24.0474
29.0858
19.9161
11.7219
21.4906
21.037
19.3414
20.6168
21.351
18.5058
20.0229
17.0219
19.0616
23.7427
21.4535
21.6217
3.92861
23.3671
23.1351
21.2226
23.1811
23.6295
27.6373
22.8266
25.2734
20.6408
28.8461
25.7003
23.8544
17.7336
31.8795
26.8876
25.3301
18.7556
18.1174
17.5471
22.2125
23.445
19.8454
26.8903
25.151
19.6583
19.7618
21.5778
24.7227
26.4316
25.4291
19.4895
24.7702
24.1201
27.4739
28.46
28.5656
18.2581
22.6849
22.9969
24.3584
29.1219
23.2302
18.5754
19.8168
22.3202
inf
16.8132
20.4962
20.1333
24.5887
13.082
24.6966
11.2256
21.9257
15.75
21.5556
21.9132
20.6631
21.445
16.0353
7.91297
23.7958
18.7147
25.2598
22.913
19.4883
11.0901
16.0021
22.3837
28.4976
18.6969
28.7271
21.2094
20.8156
15.9494
25.168
20.8001
18.9464
30.9549
25.0288
22.9117
30.3875
20.3604
21.7915
15.5854
22.8491
21.0974
21.659
33.2643
24.048
19.2673
22.2331
21.4971
16.7137
23.0306
22.187
19.2836
20.7069
18.5146
31.6137
21.0014
24.5484
24.0448
25.5631
33.6074
20.5454
19.3641
30.7248
22.3451
24.5571
22.7737
18.8771
23.4239
14.4524
27.5755
25.3891
15.7227
16.6965
23.2101
20.3564
24.1054
24.9183
17.4045
14.3649
32.3307
20.4868
21.7516
20.8287
21.9401
19.0284
22.5822
19.4213
13.0463
23.983
22.8727
18.1104
23.0682
22.3053
25.768
16.6739
24.8456
24.0125
9.7168
inf
26.1326
17.3753
24.3875
23.8004
18.1663
23.1288
17.029
21.7319
24.2856
21.8367
25.7649
25.5094
22.3773
18.4253
40.5149
22.9503
19.2123
25.5889
24.0463
21.3021
33.163
22.5254
19.6071
18.1158
24.2037
16.713
17.2574
21.6657
20.82
26.5046
21.7058
28.6656
19.0851
18.9558
24.951
21.6321
23.4203
30.48
18.2357
21.9558
7.94919
22.7268
19.5641
25.2224
31.2316
24.48
27.2964
21.5455
21.7884
27.5326
25.745
21.8507
27.1305
27.1098
21.8431
18.7826
25.9474
24.9578
24.6499
13.3108
16.8732
16.2295
17.8385
18.5309
23.9205
12.6867
21.9304
27.6761
21.3778
21.4857
23.7674
25.9758
29.1898
11.7808
19.6257
22.5288
18.7766
23.9283
22.1854
22.483
17.8004
20.0202
24.6528
25.0565
28.2072
20.7541
24.5341
15.2368
22.1463
26.5897
26.6598
23.7225
23.8783
25.1553
30.4021
18.0827
20.5678
23.7321
19.1681
23.0904
19.6799
28.5797
18.4557
22.2226
18.705
19.5215
24.5598
21.4509
18.0581
23.581
17.6171
20.8658
19.8454
22.689
24.1712
21.1036
26.2315
inf
24.1647
21.6058
19.2045
15.5987
22.9897
18.3643
21.2303
24.7089
20.0532
26.1841
20.2166
18.6404
24.6851
24.8141
27.4581
26.318
23.9258
23.0186
30.3283
22.2525
26.8907
27.8346
26.3031
16.6001
23.2993
19.8626
26.8321
25.1575
17.4682
14.4788
24.6861
26.4892
22.572
25.2078
25.1108
20.6803
22.7501
23.3553
27.0026
20.1047
29.1496
23.3188
17.8589
21.6538
20.1974
21.5687
25.0177
22.5185
23.656
23.5719
27.6795
24.6822
24.0942
20.8759
24.6366
24.2468
25.6934
25.6833
inf
16.2586
24.1225
26.3939
20.7441
21.9346
28.67
23.4874
24.262
20.6
24.0543
24.2251
30.3517
22.7037
19.8628
27.8192
20.46
28.0413
27.6869
24.6498
18.2772
12.9551
21.7779
22.5422
19.2645
21.3448
25.9835
23.3211
28.2809
20.6962
27.9357
23.1895
21.4963
21.0113
23.6714
16.8505
28.3673
18.7994
25.5261
27.3182
24.2705
19.445
20.2827
29.0467
15.6777
27.917
14.8855
29.0942
25.7649
17.6486
18.9516
17.7699
22.3908
24.0456
33.9139
19.5956
20.954
25.5151
20.8288
23.9539
13.4353
24.0985
23.4168
22.0433
18.5009
23.2897
22.813
26.1375
23.3023
29.359
19.6572
18.3346
22.3494
27.4699
13.7548
17.0003
23.5984
22.9308
26.7226
21.2282
19.4667
25.6496
21.2561
inf
21.969
20.5929
14.3423
16.8158
21.1571
22.1261
11.8639
26.8916
25.6866
24.2843
20.1274
21.4422
28.6349
inf
21.4459
19.7396
16.1297
24.278
22.635
27.3412
20.18
20.8631
16.6453
31.1499
20.257
18.2043
25.3879
26.061
22.5754
17.3113
23.7845
26.465
22.264
27.1512
18.7896
26.6273
21.0611
15.7362
25.4853
26.3246
22.5889
24.8327
25.5477
26.9881
22.3353
25.6831
25.5649
20.274
23.2471
19.3973
21.0494
25.2616
15.1978
23.4012
22.4852
23.05
14.5328
20.0495
10.1029
14.4178
26.5721
22.0404
16.3373
25.4847
23.0549
24.4896
27.452
21.5133
21.2656
17.7374
23.9949
18.0916
20.465
24.1019
17.2661
15.8913
20.9898
19.1687
19.7995
18.7266
24.2807
24.6568
8.89265
25.0395
22.1045
22.6694
18.2439
16.0693
21.7204
21.442
25.5921
22.7389
23.9222
15.4249
14.9949
17.8956
20.1988
25.5651
25.6947
22.5541
27.0946
14.7458
22.8403
23.6804
24.2952
23.754
18.3809
21.885
23.3464
20.1606
20.4177
12.7026
27.9397
19.4061
31.9853
22.5748
8.89236
22.0803
27.5779
23.9107
24.9981
26.0752
11.6471
22.7555
19.2589
32.2157
27.0029
24.591
24.379
23.2248
17.5296
22.2913
25.2149
21.8803
20.0135
20.3648
25.0301
25.0513
30.797
21.3727
19.1415
17.11
24.5787
21.5678
19.6894
16.3235
25.2337
19.1708
28.8886
31.8915
23.1129
18.1932
24.6049
24.031
23
20.6201
27.2811
20.1711
23.9256
20.4577
16.1373
22.0566
23.514
26.3815
22.6972
22.5208
25.5156
20.1788
22.3203
17.7957
27.7624
18.1078
18.8674
27.0358
21.2708
25.6559
15.1012
29.6653
26.7734
15.6337
25.6394
10.892
20.075
19.6247
26.1583
20.7372
19.5011
22.1564
20.3276
19.7754
26.4058
24.3647
15.776
20.0377
14.067
23.6573
17.2473
18.5575
20.8211
27.7888
15.3223
26.3031
22.2675
32.3258
20.1306
22.8186
16.3701
22.7062
20.1593
22.6455
24.2959
29.7463
28.3325
26.0522
19.6276
19.2379
30.0487
18.2348
25.4765
26.2999
24.2799
24.8113
inf
26.3163
18.6104
17.7279
26.0689
31.5274
25.7954
22.928
26.4375
22.4976
23.1446
28.2737
17.8487
18.611
23.9697
19.0958
17.4717
21.5562
16.515
19.002
18.8118
23.5248
22.737
27.5105
28.3883
23.9282
25.3983
20.1482
27.1163
27.334
22.3366
23.5488
22.8309
12.6823
19.3835
26.5655
25.9023
13.7966
20.8387
17.8331
24.1765
10.3027
23.3319
33.037
36.2248
21.0163
20.5311
22.6832
18.2562
27.2355
16.8317
26.3327
17.9741
25.7235
23.543
12.6467
22.8957
24.3424
17.7616
23.6313
23.0138
18.5642
18.4722
28.6476
18.6318
24.0173
20.0301
24.5837
22.5524
21.2674
33.7465
20.8911
20.5119
21.1052
23.1363
22.7523
21.4233
20.1196
21.0169
18.7782
28.3659
21.0356
24.3977
20.5248
21.0401
21.0915
20.9022
15.8455
22.6572
25.2442
17.2016
24.1718
25.3072
25.2554
inf
23.5525
24.7676
20.665
23.4268
10.699
20.1305
11.4476
14.8918
19.3984
21.0329
15.0316
23.8183
19.3662
16.2154
18.5357
10.6848
18.7446
23.1456
20.0018
23.1379
24.6604
16.9063
22.0486
15.3564
20.8994
19.0374
25.1379
24.9216
14.534
26.2568
20.583
36.2451
23.7261
19.8575
25.7594
19.834
17.982
17.0315
24.2925
26.0789
20.0313
20.9989
25.4066
23.7055
23.3207
26.3941
23.28
13.963
25.5171
21.9276
31.2176
19.754
17.0598
23.9172
18.3119
22.5065
24.5434
26.2591
18.4788
20.9666
23.2179
22.1985
11.9156
25.8793
28.2604
20.5014
16.6233
22.7343
inf
17.3299
27.3654
18.4066
16.7031
12.9878
17.501
11.8576
17.7494
18.6416
24.1451
20.9
24.4167
19.6671
15.6417
20.4552
24.801
20.4123
20.1233
22.0036
26.484
21.6629
10.484
23.9035
24.17
27.8933
20.9606
24.9416
23.0246
26.5972
19.5642
23.993
22.2302
27.5622
23.5226
24.277
23.4066
19.8246
21.7168
21.9624
21.9996
21.9714
23.6192
27.9155
22.6964
24.2872
17.9533
21.1489
19.1081
22.4093
23.7155
16.4273
21.1198
23.5642
18.2707
25.5225
20.7223
20.5363
20.9438
17.6978
22.1313
18.5881
19.5896
28.8063
23.2755
17.0679
24.821
18.42
25.5105
17.8107
24.3201
22.0087
24.7875
24.0874
24.6323
28.2166
26.0544
24.2192
21.4966
23.4505
21.1557
20.6898
29.0177
19.9485
23.8235
19.2518
21.9911
23.2537
18.869
23.0923
20.3178
22.8597
32.4033
28.4155
19.822
16.7937
27.4579
24.0639
19.7092
19.9032
24.7559
23.2131
22.907
22.4791
26.9933
24.5269
18.787
19.3273
20.3317
27.793
26.0244
25.7567
28.5141
23.0142
22.33
15.026
20.433
24.6422
17.9634
17.1541
22.1962
22.9906
22.7336
30.6774
22.4358
27.2306
22.0433
20.5059
23.2981
4.58192
18.633
23.9754
21.9297
20.8873
21.7491
27.2935
16.5524
23.4004
21.6902
19.74
28.0913
23.8564
12.8704
25.4894
24.7769
24.4763
29.4576
19.4291
20.8251
20.5024
20.7726
26.0741
22.7609
23.4346
20.2378
17.2714
25.6976
22.3588
26.3546
23.0603
30.2832
19.0449
19.7807
16.9419
24.3189
29.6477
20.9936
20.7922
23.9064
22.3833
24.3486
22.39
23.4396
30.4039
16.7457
21.0787
26.3934
10.2476
23.1315
22.9053
20.1556
20.6821
14.311
23.3893
17.3375
19.0874
22.4409
26.8478
19.2837
22.1614
24.8994
22.6703
16.8048
26.2964
20.6446
20.8374
20.3812
27.9975
21.7291
23.9309
23.7274
26.4689
24.1349
21.8178
16.3076
23.3542
24.4601
18.0835
27.134
18.4372
21.3487
27.0682
20.3441
22.3814
20.5177
14.5986
22.5649
20.4549
27.4768
18.8012
25.079
23.8704
21.8534
20.1803
22.0238
16.7744
19.3202
18.2819
28.5113
23.7259
25.9353
20.7493
24.3669
16.8475
20.8886
24.1059
20.6869
14.9816
14.3603
9.73861
18.0072
26.6984
19.862
16.0332
18.7847
19.7517
23.7915
20.6877
19.9451
20.0384
30.0417
25.796
17.6307
28.531
20.6531
25.1638
27.4618
24.3543
21.7053
20.6922
22.8865
19.2599
19.0565
23.4944
21.3214
16.2102
25.1476
18.2128
25.5892
18.7361
18.6154
21.0627
22.2947
16.4903
16.1194
18.822
20.8521
20.0181
20.4497
13.3479
21.7198
12.5963
22.6948
24.8016
24.0804
23.9125
17.4831
25.208
17.2757
32.6082
24.5501
16.4091
24.5158
21.5797
20.522
21.9685
14.0206
18.8527
22.3775
18.7748
22.1152
23.7243
19.8572
16.1436
20.3024
25.4436
21.0328
20.1762
19.9874
23.8326
23.3651
17.5713
28.8937
7.77408
27.4162
20.3203
21.5823
18.8712
16.4305
22.6076
23.19
20.7734
28.3767
20.9413
21.1799
22.3325
18.0405
23.2745
22.3036
20.6341
22.0539
22.0939
18.9903
28.9519
18.0661
18.508
24.2359
18.1102
20.3799
24.4788
21.5115
23.6324
31.1627
27.3368
20.6281
24.7742
23.7143
21.1036
27.6018
27.3033
24.806
26.9794
23.9313
19.73
22.1528
29.3113
28.1283
18.7026
23.2254
20.7288
25.6221
26.1545
24.4108
23.1111
16.1373
21.4229
15.2798
25.824
31.5222
21.3984
16.8558
22.0253
25.8698
17.2406
21.3051
21.4211
23.34
22.6102
12.9983
21.2654
25.8869
22.9936
24.9265
17.5622
14.3599
20.2149
23.5668
27.9748
23.3461
17.1781
24.3757
21.76
25.4959
23.0443
15.6847
20.8765
30.6307
19.0379
21.9955
23.3131
20.5176
25.4653
25.9705
22.2435
22.2551
20.0912
25.5175
22.8671
23.4117
24.9773
16.7935
27.6986
23.7034
10.0836
21.5148
18.9222
21.5134
22.3393
21.4579
28.6868
24.3652
9.31411
23.9978
26.3706
23.1587
22.0445
18.5834
26.4151
24.65
28.5828
25.8301
16.4928
28.5641
19.6213
21.7313
23.7861
17.5209
17.7934
26.0375
22.9346
20.0344
22.4537
20.0465
30.8518
23.6753
18.5297
26.249
18.5635
26.7328
21.3426
12.5552
28.5138
23.2688
24.2185
26.7341
12.5094
14.2857
20.9566
23.4568
26.7973
16.8732
22.9558
24.6585
24.6861
22.8368
23.5636
21.9369
19.8078
20.3502
22.6961
21.3663
14.4458
22.8417
23.4119
17.1284
18.8562
22.2438
19.27
25.4393
19.8893
14.8332
23.7369
20.6665
21.7082
24.0932
16.2207
15.5206
22.6287
23.6419
19.3596
25.67
20.8182
24.9733
24.0182
25.7659
21.6162
15.6934
18.9951
25.259
16.9204
20.3006
17.7595
21.4381
25.9999
18.1685
26.0902
18.6835
22.5729
23.7628
28.3594
27.2956
16.3657
22.2469
19.624
25.682
25.4712
22.49
22.6632
21.586
15.865
24.5207
21.6992
23.4315
12.8136
15.7653
17.4336
23.5174
19.0117
22.9045
24.7129
27.339
25.737
10.0052
24.1947
26.526
26.3979
19.165
25.3781
19.6967
15.4029
20.9835
19.0344
21.7226
15.3823
26.3479
19.2396
22.7585
17.2125
21.1208
24.2147
28.2509
21.4034
22.4664
24.6165
22.4508
20.4039
21.1478
23.796
20.0399
22.306
21.9201
28.8472
18.4718
16.5093
16.3711
13.5622
21.3157
20.7592
25.7873
24.0562
24.5507
26.883
23.9599
22.2836
19.2505
21.4651
30.1529
22.8316
inf
18.7101
21.863
22.6337
16.8368
18.25
21.7219
21.0898
20.9236
17.5056
19.8687
22.1067
21.548
20.488
29.1183
29.3216
22.9892
24.2514
24.6812
27.1069
27.2391
22.3358
24.536
22.0822
20.8872
11.6673
10.9309
20.4428
22.0929
26.2987
18.9008
20.7318
20.9446
25.1424
22.5367
27.9618
30.318
21.7709
23.8872
22.1305
16.7037
19.9896
26.1255
20.0171
22.4154
24.9571
24.6432
28.0399
23.5739
18.5222
14.6019
24.2465
24.3257
23.1017
22.1804
22.2178
21.8511
21.1699
23.1105
21.6125
20.5704
20.4631
22.8459
29.8025
19.5583
20.0445
23.6604
22.9109
19.1658
17.5693
24.0219
19.304
23.4518
21.3711
21.8272
31.8921
17.7381
31.0509
22.5323
24.1037
28.041
21.8488
16.4547
23.2292
27.9101
22.5976
21.3008
24.8468
27.0559
19.0491
15.3783
19.2227
19.6281
28.8186
23.5261
30.8705
25.1594
23.9145
30.9473
28.6001
23.5451
18.766
23.162
22.7818
22.6773
30
27.6228
20.574
26.1822
27.3826
28.3078
17.9802
23.9576
17.099
17.644
21.1851
21.7188
25.4528
9.89083
15.9673
23.0846
21.8606
30.3687
26.9662
21.9137
19.0587
21.6372
21.7128
23.0518
20.6599
21.1549
26.146
22.9223
10.5364
24.4703
27.4447
19.4706
21.3007
23.5236
26.1757
18.9247
26.724
19.166
17.4584
26.879
19.9076
19.2321
16.4228
27.3153
22.6818
30.911
19.8206
11.2742
24.5899
24.3751
23.0948
28.0518
13.227
27.9547
27.7269
25.3337
20.088
21.696
26.4878
24.5911
24.3522
19.4895
27.3231
34.7703
17.9345
26.8568
20.7739
26.0486
24.8866
26.8753
21.8083
19.8771
19.3706
28.2914
21.6024
19.6877
21.3387
20.3042
20.8882
24.2693
23.307
26.4949
21.9813
13.3401
19.5854
26.2136
11.7858
22.1072
19.5598
22.3922
20.736
17.5383
23.3464
20.3959
20.8252
15.2038
22.3059
27.2061
18.9556
15.219
28.1425
22.5732
16.5974
27.2865
29.7088
26.4222
24.7615
17.4251
21.9075
28.3498
23.5962
21.39
14.5834
18.045
17.1391
17.0999
22.2898
19.5786
15.9175
20.7622
21.7532
27.515
21.7569
15.3726
24.1382
inf
20.0016
16.599
26.6634
22.0207
22.8746
24.3865
22.3994
19.9102
25.3878
21.4628
25.891
16.0371
20.609
26.9872
24.7546
23.8913
22.4074
25.5451
22.2791
29.4041
17.4105
19.8062
21.3692
16.5009
19.7272
23.9786
26.6701
23.8314
25.0186
16.5899
25.2683
22.452
27.7691
20.612
18.7964
25.4409
23.2552
23.6243
23.2565
24.7525
26.6822
29.1231
22.051
19.9336
21.6844
19.5176
24.0105
25.6577
23.4426
16.3266
22.4337
25.3247
29.8513
25.4718
24.9954
11.8824
18.518
11.6278
23.4225
20.6744
23.7279
18.496
15.0767
24.8369
21.3201
16.2547
21.8525
23.5083
14.3687
10.887
19.7436
20.1078
19.3547
22.6723
20.5349
26.5957
21.7765
27.3673
27.2058
22.4907
18.8176
21.9294
19.5648
23.3828
25.8741
18.0004
29.473
21.1515
25.2031
16.2208
16.4169
21.6653
21.2246
27.3773
27.6913
20.6412
23.6835
11.7026
23.4464
27.9385
18.2662
27.4064
19.5779
21.8134
22.6766
22.0038
22.5002
21.1567
26.9939
21.103
26.4376
21.773
25.5622
32.6941
27.1466
20.7579
21.6746
21.5047
17.8392
31.6362
26.142
20.5372
21.0274
24.4343
25.8427
26.782
21.9495
26.2956
22.7952
26.8504
23.371
18.0444
24.2071
11.0148
24.3417
19.1158
22.3542
22.6422
24.0132
19.832
19.3043
21.6611
22.7417
21.6621
24.1107
22.8707
19.9087
23.4663
26.8252
25.9597
24.692
20.1526
18.2538
20.4824
28.5842
18.7626
22.5587
18.6877
22.3185
23.8906
27.1819
22.0097
23.2086
14.4508
16.7343
19.0984
21.9003
23.1094
21.0984
23.7969
14.314
27.099
16.7151
20.658
30.5142
26.306
28.9841
23.7948
25.013
13.7467
23.6075
16.8415
24.4598
18.7176
19.1571
29.8278
18.125
19.2237
25.9369
27.1435
24.5755
21.0716
29.286
25.3562
20.2579
29.2888
16.9412
18.4716
20.5648
22.9427
25.1822
18.1852
10.9991
21.1268
21.4923
28.4193
24.4471
29.4461
19.983
26.8375
18.3318
23.8176
22.9998
26.159
23.3732
21.8499
20.7288
19.5585
16.9813
23.8442
29.5809
19.8278
27.6993
20.3449
26.1174
19.8605
20.5353
21.2226
23.5907
25.6755
26.1193
19.9884
28.0331
25.2444
14.777
20.255
22.1642
21.1641
21.8108
24.9663
13.7681
20.4628
21.5781
25.6969
17.3522
18.4945
19.9563
33.23
18.4449
17.2114
24.2628
21.9107
21.6514
24.357
22.1586
26.4293
18.574
19.7763
25.6256
28.5861
26.5302
24.3655
18.8525
24.0131
23.6257
22.2937
21.0923
17.5088
25.4875
22.8938
21.2292
18.7009
23.3515
22.9633
19.4622
26.3926
27.6031
20.2911
23.9009
24.9401
25.891
15.3169
41.1225
22.1918
18.5801
20.7889
21.5122
27.9775
14.2866
26.0922
20.8952
26.539
17.7185
24.0336
24.2373
inf
28.7039
17.2197
13.0846
20.0486
23.1611
29.344
24.8779
19.4306
21.17
21.5047
18.1069
24.308
21.6471
23.5273
19.7166
19.2594
21.8241
10.7791
23.6079
25.3478
19.7115
21.4086
28.8597
24.3592
26.5229
20.9457
22.5541
17.4231
16.9243
22.322
22.5957
23.7342
23.6933
18.557
18.6482
28.0972
16.3605
23.7205
20.8524
22.5104
28.6219
17.7031
17.6041
24.0091
24.4165
19.7754
23.9696
19.3431
20.875
24.353
28.4921
23.0888
16.6172
21.7674
24.7777
16.8625
24.3242
23.8846
18.8593
29.6322
16.8395
13.611
21.1503
22.7014
23.8727
21.6361
23.2856
23.4071
21.384
26.1724
23.9145
20.7905
17.4077
19.2394
21.2436
24.8161
29.1571
33.3819
21.579
inf
24.8796
25.7766
18.6555
21.9586
19.6415
24.9566
27.2901
20.6266
20.2389
18.2624
22.7736
22.666
18.7694
22.6177
22.2154
16.4563
21.7826
22.1122
20.4948
23.455
25.0989
22.7306
21.3454
14.6432
26.4166
28.84
13.497
26.2028
20.9615
26.4925
21.5734
24.3972
21.2506
20.5983
22.6552
24.4485
22.3594
20.411
21.7111
25.0805
6.15163
18.6176
25.572
21.0252
23.4221
16.7605
13.7138
25.769
30.1219
22.532
20.3913
23.9024
25.2472
24.7176
16.3431
26.466
22.8708
21.4281
24.652
29.6699
24.6784
25.0096
24.5836
23.1626
27.3927
22.6449
26.4887
22.0662
19.5465
22.2176
21.1893
25.8387
20.1311
23.3098
12.0423
26.5752
22.9606
29.0346
26.0616
20.2477
19.3193
25.01
21.917
21.9322
22.9248
20.767
20.5785
15.8218
12.8106
18.384
20.3429
21.6153
23.4706
28.1112
24.7148
23.4799
21.0082
24.3384
23.3681
25.6124
23.735
14.9941
20.5637
22.5985
23.3416
20.274
19.1979
29.1826
18.4699
21.5218
14.4396
20.8542
21.4444
23.871
21.8808
15.14
21.0019
17.558
23.1395
25.0633
27.2071
18.9504
20.5434
24.8258
15.9996
21.3119
28.0525
18.925
26.7731
18.3343
21.2943
19.2552
18.9588
23.5266
25.2005
20.3881
21.9492
23.9133
21.2514
21.859
25.5916
29.9802
23.7925
24.9928
26.551
19.4735
24.4947
24.2754
21.1383
29.5872
22.4827
25.9272
19.7816
21.3246
22.6219
23.5974
21.8838
23.2543
20.097
22.9992
23.5123
20.6879
27.1676
23.7627
8.81207
20.5377
22.5109
33.2609
13.7388
21.1143
22.7513
22.1796
12.7089
23.9224
12.1983
23.493
22.59
21.2539
10.7883
25.5599
24.7758
21.326
16.3882
24.0373
15.8454
24.6346
18.7102
24.255
25.5206
22.0202
22.6145
29.2796
16.5339
20.7931
15.3697
21.5175
16.2771
23.1515
19.1274
22.5016
16.9035
27.6235
22.4567
22.0051
24.6175
30.9833
18.0914
16.2963
25.1516
29.7586
16.8831
23.2736
18.645
26.4966
22.415
22.788
23.7722
20.5446
18.7725
13.3979
26.6231
29.1733
27.2411
26.4287
23.7264
19.633
22.5324
14.4884
19.8602
16.1326
25.8817
23.443
18.9405
20.3371
25.1628
23.167
22.1218
15.293
19.542
21.3699
27.4401
20.5537
20.6839
19.1573
26.5249
28.3783
16.5781
19.5139
28.0708
17.809
19.8531
23.3898
21.0135
18.669
23.9261
21.226
28.6031
5.66617
22.7118
23.6118
21.9588
25.1131
18.79
27.0105
20.0699
19.7998
26.2826
28.6147
27.4638
13.8108
23.8712
16.1524
26.1263
16.7309
26.8022
15.8315
25.7721
16.6647
22.1722
26.5392
23.451
18.0449
22.475
14.7173
12.5355
24.532
26.6112
23.1756
20.9539
20.6812
24.7659
28.3488
18.928
23.0094
24.7217
25.1259
14.0072
16.5326
inf
23.0052
19.0743
24.783
21.7037
23.2696
24.2363
22.6466
